8655
2361
7685
3349
9418
1293
3395
2992
5162
4614
6694
9948
5510
407
6389
1623
6097
8772
2807
8329
2324
258
2571
6679
5583
6142
5256
3031
9793
2529
6887
7157
7879
1554
7024
4390
1569
7388
8243
5355
1835
8625
9673
7080
6443
4752
9545
117
982
9347
9054
389
24
9420
2921
3958
6627
9681
3428
3256
9271
6069
1799
5121
4612
3497
1198
9968
1292
8739
3242
2272
8748
9134
2759
7856
4988
2322
8222
6449
1301
3221
7052
3951
5731
4706
2147
2867
2475
6505
2671
872
9214
9224
4396
446
8462
5864
918
8907
6465
4986
7664
9656
8052
8948
185
91
354
1991
1228
6849
8869
6531
9352
6783
8796
2413
9551
1992
2174
4271
6514
6257
3917
3905
4365
2883
7294
7719
575
7921
681
9082
8077
459
156
7804
2008
5026
3620
5942
203
4590
4831
9572
489
9004
8748
2148
1735
347
7492
2026
2166
441
4013
2568
5300
6457
9996
588
9315
6073
4939
1754
9418
3601
3723
2364
890
7950
3276
9671
2388
7215
5818
2336
5913
1391
2522
4063
6434
3989
6758
4051
1585
4041
309
3749
5320
6696
6479
2929
9961
7546
9343
8115
6685
3969
1210
6222
7016
4805
9679
6451
2317
2702
7791
1744
1359
1537
1695
4391
1448
478
3788
6016
413
2793
1022
3761
913
2328
7680
125
1784
1645
1407
9979
479
6261
6096
9897
4251
3887
3367
1169
5663
6065
6662
1643
5171
456
2483
4370
4641
5038
8957
523
736
321
1776
2227
8631
6353
2790
4489
1578
2794
1584
780
4233
2835
118
8070
1210
8614
2284
8185
2627
5521
4902
41
1516
8748
1277
1323
5013
8237
898
9867
9396
2600
4530
6548
3394
507
7562
5260
7046
537
9437
7262
1441
3092
6036
652
4652
288
9013
708
7311
6326
1544
178
7172
2135
3573
1415
8860
8306
9266
505
6912
728
6956
8507
186
8029
6004
5838
5108
9537
1932
3943
6737
5168
401
3411
1627
2567
5243
793
1117
6936
2803
1151
6434
8687
5045
7520
846
7750
1974
1356
5788
8151
1367
6592
4055
5360
379
4855
4668
4043
677
5889
9279
8702
790
116
94
8689
8374
7200
5508
7310
9760
7287
47
7134
8771
2429
163
577
6261
2732
4975
8974
9179
6443
1185
8748
9511
9568
5542
8959
4689
7012
9365
3768
266
5926
9997
5318
7676
3074
315
1682
6214
7075
737
5786
9703
5638
2675
6763
9320
4642
9875
4116
7519
3173
7824
2105
4945
9696
7835
1541
3160
6230
4586
3012
1222
5697
4960
8704
9832
2102
3740
7482
6990
1466
2145
844
2970
8260
3238
556
4903
4020
7871
7923
2620
741
284
1918
7553
1888
7025
4165
1617
1313
902
2283
1537
8445
591
2982
624
5748
5742
6415
3471
36
9895
3627
5571
1950
3381
6635
553
269
2795
1553
889
6420
478
2341
6462
4182
6113
4327
1301
7804
1569
3397
116
2883
1714
1871
1549
1557
7417
6153
5298
4825
8827
2273
4683
8909
9158
2258
9303
8642
463
4055
7839
5256
8684
4564
9057
9852
4547
4642
2555
1792
3747
5210
6886
1882
9601
6980
5974
4847
9925
5872
7599
4802
2998
1108
9354
1879
2227
5111
7976
9629
4836
2365
4694
8379
2480
1284
6513
3562
992
7311
3132
980
6356
2545
2800
3547
4740
7805
1908
7021
2794
6251
4829
5862
2910
4045
6039
2454
9842
4387
4421
645
2928
235
9013
4693
2272
5629
8263
9671
5022
5190
960
2544
9452
8964
5370
1837
6835
658
4766
2788
2848
6707
6933
8061
1053
4580
8603
7233
2093
3549
4741
3266
9900
4841
1300
9180
6838
535
7531
2235
6503
6255
5838
5276
3155
9529
4827
5944
2039
5274
1837
7406
5279
2624
4878
3920
825
9633
5549
6129
9130
6495
1601
8765
129
174
3933
7370
5017
2137
8564
6702
3442
8066
4974
5745
417
809
5196
9220
8486
974
6120
3906
5343
890
6193
7350
3148
5707
22
7901
6707
6927
384
5341
2741
3652
9461
870
1248
8076
3867
8216
1366
6070
7449
3830
2558
2571
1524
1946
5226
9431
6953
6936
3897
2665
3893
7495
9853
4428
2573
3549
8943
1750
5803
5354
545
2273
9543
3529
2805
7497
9735
1618
3949
837
5287
2724
8194
4393
2652
4097
1593
2971
1077
617
1859
5076
2019
9356
4756
2538
3931
5690
4486
2140
8058
3629
2798
2622
8777
3578
7023
5509
720
5908
2382
5285
9615
3393
1542
3513
5675
9809
2301
6274
8182
6220
1286
3989
8403
5931
3656
4670
1160
1947
352
2473
8372
6381
739
4706
3635
1489
9606
1499
5168
7012
4305
223
4506
8423
2416
6980
5946
2915
2348
9142
4292
4489
5995
6770
9132
1615
499
2272
4267
3256
9157
1397
4530
2290
2055
887
7998
6583
6322
8050
6909
556
1038
8810
3136
9870
698
5042
5377
1405
7648
957
8374
5017
936
9524
1319
493
2284
2983
7901
9401
813
9063
9803
4197
9188
5875
3154
8722
8539
4785
9103
9091
8653
6560
1624
1404
4634
2219
4135
5738
560
1761
1269
7939
9431
9859
8635
815
8619
5725
4117
2407
6368
1592
5720
1869
9953
9503
2262
5548
457
7297
399
9330
4134
2407
2426
7243
9770
1767
644
4991
3732
9480
1224
3935
3790
8582
7473
524
6632
5608
4076
3145
1398
3840
5905
2002
5222
9491
5890
3549
6340
9914
469
7679
1985
9336
6479
2146
7249
141
9890
6246
2420
3322
6664
2534
2999
6310
8016
4493
5436
7329
4649
5800
9847
4935
1165
989
1243
3143
2016
9756
1588
1236
8
7477
7622
987
8287
1418
6582
6374
5110
5206
4935
4225
2349
2735
3337
6860
4241
4520
2285
7936
1813
9562
1259
9973
4404
2148
4551
5650
6021
6209
6130
295
737
8985
8445
6120
5297
3674
1811
4395
7803
7272
7735
1636
8750
690
6684
5550
8379
6567
9188
5133
1720
9705
5243
5553
4015
2962
2597
94
5164
6564
1028
8698
935
9397
1070
5847
9598
6378
8111
705
3255
4771
9260
3962
5444
2024
4984
6437
6455
1826
7369
6207
9625
7581
4237
7012
9414
3372
2042
6369
4107
5022
1875
5718
8835
2832
8562
3631
685
9235
7954
2243
7778
9727
9932
3660
2182
1208
5781
2312
9981
111
4501
6335
6496
2317
9051
1190
1040
1948
1535
5028
7690
790
936
7667
1996
3106
431
6361
9927
8027
4948
216
8709
1092
1088
3842
589
8794
4987
7473
4260
936
4702
277
9638
6353
5019
895
3126
2489
636
8975
7090
4692
9466
6825
9003
5428
943
4973
6099
4621
9997
4567
1640
9211
6048
7204
5232
4806
274
7718
8389
3509
6846
8985
9299
2673
1383
3207
8159
5723
9193
9001
9195
2561
2624
9744
3927
237
8040
3827
922
5886
6837
3977
8722
6891
2884
9865
7016
3653
5986
4816
9719
3964
7947
1923
7598
7573
4677
1174
9652
1003
2431
2716
2764
9076
2868
6175
7401
9365
8884
6867
9684
4776
4804
1398
7596
3868
7813
1995
9788
7518
995
2039
6627
2599
5311
7515
6832
662
7039
2115
2141
5680
5860
1150
8430
3925
1021
144
5545
1573
7082
388
616
7554
1603
2982
6925
9575
9033
4416
9269
6361
9773
4163
8513
6638
7153
1000
1169
2092
7900
3783
1185
8498
3138
7688
2536
2877
7970
4409
1038
8084
993
6879
2127
1028
9464
9152
1934
2067
9498
3073
4123
1759
2393
9163
3031
5767
905
2739
9416
8093
596
3738
8904
2362
5439
8066
531
2242
4669
467
2049
8746
9891
7340
6192
5319
6220
3534
566
1864
302
6261
9349
295
8989
2056
4400
1068
3214
3748
557
2675
5759
2740
4604
8175
4853
3140
2503
7183
5973
4085
537
1407
5031
1731
6036
1090
840
2326
94
1951
7295
166
2892
1866
2530
3826
5090
6084
9946
1859
985
389
4085
8588
5218
2697
5450
8885
5947
2329
1266
1465
2255
2540
9653
6828
5682
2317
4050
3857
510
1167
2772
554
4567
9678
7121
4193
8598
8520
6180
5560
6196
4636
174
9516
4869
5153
520
6399
1303
6698
2764
5845
5675
5544
7909
4527
7635
3521
484
4567
1133
3584
1012
1083
4367
253
1393
9917
6675
239
3444
2922
4629
6590
386
8026
4235
1694
2566
4664
2580
4313
3819
9202
1364
1820
8703
7379
3503
2533
2069
5791
6771
203
9977
527
1387
7886
2345
5422
4866
2801
2482
9906
3829
7974
2217
8127
556
2632
5004
9481
2266
5278
5079
2248
2610
3087
4619
1985
2301
497
3564
5907
3257
8951
6842
2783
436
5722
9811
2171
2506
230
3254
360
1515
6585
5995
2563
8257
744
1538
7305
6416
7474
2793
1663
3726
4601
225
1137
7685
1870
8099
2025
215
6380
7999
4098
2658
1912
3686
5901
1652
7943
2169
2180
2816
3537
2112
7278
6625
5732
1248
9714
9567
4860
3271
1167
5584
242
6538
4443
721
8883
8865
7226
5525
9810
1824
5842
2140
3456
9466
12
3688
8283
4849
2222
4732
4949
3793
8023
438
5927
6270
634
9822
4709
3962
447
1775
819
6556
9398
2646
7080
1886
1630
8089
5186
373
7269
4843
5131
1014
7712
5485
3290
6135
1389
4438
5789
2628
3751
9957
7654
4116
6346
998
2067
6843
696
7988
4067
6960
5852
1039
8085
6018
1324
606
8147
4918
7220
1366
5024
3956
5409
475
1933
7316
8475
982
1570
275
4918
4777
5867
7050
3786
8783
5296
5024
3538
9863
186
3647
1539
6418
1299
1253
8366
4026
8494
5948
2423
5254
4535
587
3782
2043
4571
4430
4622
822
1115
1220
3484
2743
749
6552
2242
3504
8836
6147
5941
9599
3537
1727
9316
3943
2201
9343
6314
326
8489
397
4726
6386
2840
499
2248
1205
2332
1663
4399
7819
1024
8321
7377
9962
1108
7782
586
2897
2133
1754
2537
420
2639
1066
1623
3415
4048
5944
5769
5273
4558
2722
8328
355
732
3349
8960
624
6665
717
3653
7712
1210
1729
6029
6328
985
653
1113
4876
6253
687
2229
1039
5708
6902
1555
4810
6175
1240
4995
123
53
9988
5319
1856
1242
7159
803
3365
9785
6978
7194
9178
432
7195
375
2761
3043
5987
2937
6454
4500
1849
9891
2264
657
1997
1794
4439
5694
3783
2064
2694
5253
2313
137
2994
715
18
6172
6908
2532
7813
1108
4
2458
6073
4552
8438
7946
2130
5824
2058
1792
8048
7433
4854
2325
8326
2906
7095
8565
7726
8248
9056
134
7962
9575
6049
7109
8382
2194
828
979
1501
4908
916
1600
9778
2504
6327
4983
5568
1895
3518
5291
3851
2736
6130
4176
1545
580
3905
5757
7283
9090
3537
8832
2720
1080
9636
626
8772
4732
7421
9821
3844
458
6210
6555
5326
1375
419
3137
311
2853
2842
3772
7732
6879
1667
7674
6525
88
3406
4317
6735
3335
9794
2411
514
1686
852
7546
538
1155
8312
3450
7089
4742
1432
2723
2565
7044
195
8320
6814
6596
8375
3788
2690
752
8066
5676
124
7358
7077
4605
1499
9535
4202
7168
5559
6311
360
4691
5866
335
7845
8723
4396
7096
8459
7118
1407
9665
4462
3373
6444
7834
1405
2433
93
1209
5718
734
5645
3437
2735
7526
4285
6674
6930
2487
217
4997
4537
2199
2538
7112
6923
3886
6445
4743
6581
7302
5668
2588
285
831
8091
3632
7859
118
6910
1075
6040
9558
2840
6191
1139
1759
6175
8008
9170
8518
8831
7366
8862
6286
3940
5061
7475
4117
364
28
2494
1378
924
8974
7447
4622
7090
1710
1073
6096
4635
214
5936
1326
3446
9674
4923
368
5544
5528
3137
1271
7729
931
1760
5406
751
2032
6916
9824
6961
2112
302
762
1119
9647
597
6674
2457
2140
3489
9097
1437
8922
1637
3837
2877
9223
4124
3122
1904
9963
2072
4753
4151
1091
759
9633
2018
1839
1991
4502
1797
6344
3211
183
3030
2470
4335
2004
728
113
488
9464
4476
4535
9328
2891
1302
9133
3424
1404
9294
777
7470
1597
2857
2832
794
9582
6855
9803
9396
5183
1342
4895
144
4912
9031
4045
7052
3627
3815
3175
2097
8085
4817
3124
7288
5681
2569
4982
447
2678
2892
4474
7388
4130
2287
1792
6978
878
2741
9980
7922
1987
9589
7820
9123
3533
1563
2474
3701
8720
3918
6756
5746
6393
818
9498
6518
790
9743
8536
6384
1112
7937
5222
5370
4376
4561
7660
3526
760
4452
7929
9081
267
4211
7526
2813
2407
8667
9062
1953
1386
9685
1409
7971
9131
1977
4434
4577
7570
2334
5613
8140
795
5269
6996
1519
8519
2087
6316
367
7012
5132
7948
946
9534
9326
4310
9589
6741
8445
9385
3273
7121
676
7270
5485
1587
2316
2977
7282
1230
7376
8219
4491
8054
3024
9742
8659
2440
2649
3224
996
2426
757
299
9845
8996
8272
820
1396
2287
139
523
2916
2189
1204
2362
5176
5130
4229
1682
1473
6673
43
2410
1620
2530
474
9370
8944
6178
8784
6199
7390
5875
4599
2287
361
2022
9135
7592
5889
2574
7516
8291
4395
3175
4795
5367
5803
8903
2938
300
5013
8499
4729
4900
351
7173
6956
1601
11
9469
5010
3715
7860
5078
1067
4416
6407
1675
917
1977
9829
7209
2711
1707
2245
198
8658
6243
7999
2594
3733
86
6790
8237
3344
7520
1686
5482
4636
9818
6063
8978
9529
6594
8127
9996
4631
1462
1847
7947
1833
4752
7383
9112
694
9593
2028
9234
4754
3911
5339
7508
3037
9337
6718
1574
5946
1685
2958
7030
8515
4447
1249
8296
9755
5245
6855
9435
5364
4168
2640
4991
2082
6278
5664
8980
9264
3974
3093
8724
8721
1339
3272
9956
1802
4013
5730
6662
7342
9468
9986
1939
9193
4646
4588
5175
9554
731
1811
9981
635
4784
4698
6653
1082
4801
5352
820
1821
5610
282
1267
2649
9383
7421
4026
2116
9882
5789
3046
8788
2525
2151
5336
103
8313
7814
2600
7540
6470
5404
1530
1714
4292
3262
3712
9160
921
5606
7488
9061
9532
2227
9159
3377
6786
2515
8190
3363
8679
9876
2733
7988
400
4552
9501
275
2078
3687
9410
475
3764
2985
56
4403
7949
1828
3869
4164
360
1922
6848
48
9510
1351
8857
4192
4646
6226
3161
527
877
9234
9123
4630
524
4155
3419
6039
4077
5992
9677
8174
3503
1779
2081
100
1442
2147
4526
4854
6724
2742
7309
9446
5278
8335
9280
2064
6409
5329
8498
6960
5685
1661
5312
2082
4378
5336
7689
2090
1184
5073
4402
3061
4461
3649
9133
3039
7501
2532
4474
7510
439
2839
6126
1983
845
2115
740
1480
3412
9545
6002
7774
3813
3213
4093
1232
6867
1576
3455
3187
1773
3993
8744
5080
535
7868
1586
5819
356
4014
4970
3788
8119
8240
8332
2451
6187
5418
3245
2304
2110
465
1855
4753
245
8204
5185
1112
8012
4835
2405
2460
2958
5145
4791
3390
5204
1116
5898
8335
4673
9722
4196
8401
7661
2999
5037
9547
2783
1996
3732
7456
1313
4322
19
4210
399
4735
2469
2738
192
640
6772
5868
7817
872
7095
3601
5374
1944
3532
8853
2154
5504
4498
1435
3152
2420
2363
957
3619
9394
1600
5232
7715
7523
9462
823
3961
9169
3983
9111
5366
232
7636
3899
935
8383
8833
5001
4763
1849
9265
2932
3239
8231
5148
3267
5498
912
8046
1042
413
7876
2106
4216
4830
8349
767
6569
4893
4423
5769
6909
8917
3954
1083
3713
3935
2070
1180
1628
4980
1430
3952
7268
9874
8567
7881
2418
9025
4755
2060
1459
8086
7033
5737
1136
2360
5256
5062
4561
7585
8908
2491
2030
8582
2327
6515
6998
8875
8420
1169
6739
2753
8696
3457
5853
4433
5434
3057
9390
2110
5940
5999
6694
1366
4714
9909
241
4057
8571
1251
7973
702
2054
8507
5120
1681
4975
2179
8274
9313
9409
8294
4502
2698
9062
5260
1047
1870
4309
9036
6673
3785
2796
6463
4069
8181
4254
6198
3921
4331
6030
1550
47
7179
9853
2339
4973
3422
1
1332
3197
314
5270
4517
6605
3478
5353
1850
9738
4799
6163
2803
433
8202
9362
8898
2039
7962
1086
5877
4857
5476
11
7024
2390
386
3786
4971
7899
6901
9077
540
4719
8446
2795
7654
5649
9951
2264
1794
5486
5645
5753
1036
1592
1864
3247
994
819
1647
594
4377
1106
3838
5831
977
9441
729
6357
1545
1124
7565
6820
9685
8624
3477
7031
3519
6216
3787
4668
1437
3612
31
3330
114
9212
1933
538
4823
4531
6138
4721
2362
3778
1951
5149
5559
5706
4585
1093
1367
6623
3216
9718
1959
9065
4982
4051
9322
2108
7315
9309
5969
7802
7855
8468
7802
2647
6847
3660
4695
1822
2612
6435
3585
9363
6400
9795
3468
1288
9834
851
1740
51
6772
4434
3864
7488
2971
3719
6431
6339
5214
338
5592
7345
2211
6231
4334
6624
6775
749
1004
2476
5445
6962
2565
9099
7192
6241
711
1891
3092
2902
3057
9050
1810
9505
6915
3710
8954
1386
4212
2839
4518
9316
6586
1594
468
2708
4101
8927
397
3508
221
6341
6052
1315
5214
676
6689
1136
1073
3283
2478
2151
3709
7707
8721
874
1469
380
8716
8964
7891
3055
145
5210
8541
2731
4266
7779
3960
2716
5352
9354
1059
3329
9050
5537
1605
3765
9601
232
4417
6832
2082
6222
712
9326
5787
4662
1199
2977
4009
1086
5156
4882
9369
6093
1595
1310
2909
9579
2158
1439
6098
7574
6612
4488
3328
1154
7041
4485
2993
4992
1151
3970
262
994
9082
6427
6406
6093
7554
7044
5320
7248
621
9898
4580
2980
6428
2410
5509
7269
1103
3920
9441
7633
2219
5394
6508
9022
5450
5406
121
448
531
4497
8579
1675
9692
5210
9099
7798
2526
6495
7411
1361
5832
4430
6059
1528
7030
5014
9913
3800
3971
6503
2846
5330
9293
5527
4951
5486
3224
8311
2753
7346
1286
5510
5633
6194
5877
6628
7506
2586
6953
8073
8240
2202
9260
5718
6437
6497
707
5404
4402
381
4259
4748
6129
4946
2564
6128
3752
5146
916
4200
1616
5531
991
5239
5991
9039
670
8079
7619
5136
2221
5817
2808
1266
9074
8522
7932
1126
842
2691
2600
2012
6230
7896
4226
7096
4535
2339
9513
1929
1541
3289
1488
566
6070
1981
2959
2953
1261
3412
550
7537
4721
4905
9315
1074
2064
1282
8950
2224
292
1587
259
6412
5541
1633
7192
2573
9326
3833
7568
5251
2276
2242
567
1577
2420
1329
4111
1705
9004
8460
2530
6516
2462
3344
7465
706
5793
6118
9180
2310
9064
2404
8475
6165
2006
1936
7436
6809
530
1419
4758
5554
1688
9707
6638
636
320
9
224
86
7715
2733
4912
8978
8459
6438
1233
7497
3674
2671
4502
241
9406
2750
8775
1041
7907
7390
2486
9875
6122
3199
6659
7067
809
8013
2605
7224
9522
351
6346
6681
5369
7728
6936
930
4576
7859
5028
7039
8821
4259
380
584
9646
1369
1424
133
2452
4097
7758
2020
6318
5647
4815
9513
3135
1470
6491
2693
1395
9209
6260
8330
9637
1390
4658
1325
7685
1343
5835
8717
6809
3419
7397
4244
8657
1533
6494
796
6239
147
8252
8131
183
5298
7809
6402
787
839
1442
3034
618
1809
2488
128
5122
878
7558
8219
3507
1763
5531
2939
4606
9136
8491
604
1390
7650
1721
1404
5102
1771
2392
4969
1788
1519
7426
7806
8348
6097
2952
9952
4111
6206
9052
964
7813
5335
1931
2611
8305
8517
8575
8368
6109
2376
4484
9849
7806
4192
1881
1357
6264
2720
9881
6702
9589
4816
6955
6518
1794
6434
7174
8718
3179
3287
8713
3517
1704
7587
4730
4606
3352
6606
2622
4693
445
556
1321
643
9479
1232
486
1080
9414
7660
9384
441
1514
7452
1186
9122
2334
7492
9844
7549
1365
2310
199
8723
3875
9673
5259
7251
1534
9399
4063
929
2598
7541
4529
7985
227
6136
4247
2020
2863
8774
3613
6866
4340
59
879
3225
9799
6893
1818
9300
8293
9826
9278
8544
4940
81
5174
5467
6285
7558
795
3277
17
1946
3062
2588
2714
178
2453
6651
155
6390
5936
2370
5386
4405
3836
7460
6485
5943
6303
1468
6899
5219
4917
426
8605
2051
6787
6045
8813
7348
2218
33
2613
530
5454
4267
7378
6388
2056
5698
8995
5588
2073
7985
2517
1250
8287
4250
1617
7929
9933
1725
664
6241
358
6681
1037
5271
9226
1490
3636
7866
6468
2212
8922
3111
9827
7479
3509
8936
1512
9219
4013
664
95
6614
2444
8026
9506
1508
4114
2587
6154
4078
6379
708
4807
4038
869
341
5042
3410
1356
6575
417
2927
7177
2112
491
9623
8171
4820
9084
4454
9540
9594
1499
1338
6887
3925
5963
937
1520
1636
3535
1016
1381
2037
8977
1321
2587
8149
3604
8052
349
8234
9672
2473
5304
245
3039
9972
8970
1106
702
3507
1293
5106
1829
7108
878
4811
3170
8034
6611
7710
1299
4130
9085
3706
5084
8377
8681
7727
4936
4608
2301
437
8578
3243
8162
1134
2022
9670
6828
457
3796
1200
7458
840
4517
6285
2762
5541
9841
1015
3556
960
5488
9653
683
332
4079
5007
3031
91
1414
1376
4982
1911
8519
348
4764
3155
6042
2804
5976
1137
5607
6152
3146
5189
3651
1405
4194
7641
8959
191
1754
2450
28
1224
679
8291
116
5874
9212
1010
7765
6825
3935
5912
1311
8229
3824
5596
1585
8103
3959
8706
8271
8001
397
223
134
1339
142
7168
9475
5827
9230
764
6737
2660
4122
5096
9921
8363
4960
4394
3839
1302
5249
4064
5810
1277
981
5265
260
3398
8864
9860
6499
1876
2644
2767
2760
3439
583
5779
1846
7514
6471
9863
9781
4113
4907
1089
7887
3649
475
1676
138
8093
3859
3591
4072
8749
8803
9882
1563
5002
9323
8591
5437
2232
1318
558
8207
1394
7108
728
8032
333
8125
3993
5680
1446
1938
2216
2678
1165
4582
2433
6751
6822
2477
6245
2424
7085
4019
9151
1806
26
48
1723
7267
1781
3707
3314
2740
9068
9085
9337
5961
387
8536
8315
6076
5163
7432
8948
4461
1366
1336
3759
8886
2826
4359
7682
5931
4820
5820
9225
7956
6831
6296
9984
7374
1493
2332
2741
510
4964
6427
7293
5064
3109
6209
2741
3263
2106
9684
5660
9374
1269
8953
9200
4102
7777
1610
854
8393
443
7559
5470
2103
7344
1098
326
5414
3358
3872
1454
5255
2227
2357
7579
6278
3883
9343
864
6355
360
7534
4026
7823
3378
2578
8747
617
9058
8573
4313
2346
7305
9514
5240
5917
6438
9103
1909
7011
3160
1935
9588
4133
1409
3411
1549
6508
4652
3066
5490
5118
8816
366
8549
6185
1220
7049
8839
8997
389
8440
6676
4597
3175
1663
6797
1727
857
7198
118
2060
7708
9826
2657
1121
7701
9438
3386
6927
8384
9435
8645
8905
2071
8109
2101
2340
4884
8601
670
9395
1204
484
4925
7924
3452
8142
5927
1444
7520
1119
9775
6426
2066
2240
1996
8083
9239
8061
7338
1914
3536
7433
8800
7723
6600
9538
386
2904
4409
5927
1879
5387
37
3448
6110
1069
721
2781
9324
4870
5220
4378
1929
4710
2321
6337
8781
4771
7728
5752
3253
2884
660
2972
9178
8398
6281
8438
3636
3229
4700
4653
1018
7365
64
3228
2877
2585
6894
3574
5670
9691
156
9336
9837
8550
1121
8973
12
7753
584
1223
3811
7220
259
1661
3917
1176
2402
4672
8755
170
7845
7330
6927
3608
7406
7961
708
4224
9370
976
92
7645
8705
592
2978
18
1068
2861
5297
4252
9862
7571
60
1043
6630
499
9136
3122
8125
8648
4407
9320
8027
7903
9358
286
7286
9094
7913
3705
2110
4068
9702
6658
3578
4362
4735
5460
6855
1480
7300
6613
6723
131
7576
9209
629
8950
7403
1956
6783
6854
392
7775
4918
5547
7279
3149
5105
1387
2870
5790
7329
9929
5292
1475
3200
4638
1326
2722
5901
9703
6829
9533
8038
3088
303
846
5831
638
3269
7750
3587
787
9342
1367
9215
3598
8874
3070
3671
5681
5090
3973
8268
1495
9637
4727
7867
8725
6262
2853
4948
3792
3908
57
7016
8400
554
3818
2372
1652
7736
2927
1150
3558
3953
1895
2638
9552
1544
1577
4895
591
1380
4951
3654
9703
1963
6936
9746
1703
1422
3941
3460
5246
6082
5892
2577
8573
2399
1956
8645
9471
8252
569
2267
520
9754
8201
698
3370
9135
7013
866
5277
4150
2460
4312
4111
3478
5436
6718
266
4288
42
7462
2486
6269
4325
2744
7727
1047
598
6834
8504
4247
570
1600
3103
639
9555
4396
1939
7480
8379
1079
4980
1407
6203
3785
6745
1836
988
230
3352
9635
3948
8466
2562
4910
531
182
9452
4539
3814
7378
2854
1602
6251
5685
8821
7802
5038
4060
771
8860
4260
2439
8250
8455
7390
9410
3789
5606
1168
211
5976
7839
9954
4543
3289
1662
2039
3266
1726
6513
2717
1742
6321
5413
516
6771
2962
801
6930
9969
3379
2001
1126
8186
8650
8966
5963
9547
1122
6412
1440
5692
9235
4876
3862
2022
8339
4323
1497
3940
4765
7907
6082
5181
4097
9992
5852
3442
6892
4798
6247
4499
4666
4849
3338
7271
1353
2212
603
8043
8784
1254
7923
346
1999
2323
7438
8254
1081
983
9441
7094
7631
8024
2495
8440
3839
564
941
9993
6989
9480
8276
2747
6464
7330
2071
518
6545
1994
1494
843
6511
4653
8019
5252
3686
3514
3955
1616
7346
3409
5990
2254
7166
6231
970
8823
7362
5407
4045
4289
8476
2902
7042
833
3070
5822
6391
6160
489
3246
4788
3842
968
4807
8086
1667
2560
1226
5420
4275
4358
9816
9154
9124
6290
7498
332
1889
3410
8179
3013
2673
4354
1490
2537
6972
171
3148
3248
7069
9993
6505
3677
2265
2978
9134
8533
2719
9124
9995
2579
1120
9037
7638
2059
977
8465
2392
2605
4223
424
7286
6349
7826
6470
3427
9025
3797
383
1348
4715
3524
2410
4068
1784
4055
8597
1496
423
3407
8266
2726
3214
9135
2464
6290
186
2333
7701
8777
1317
3432
1003
4818
7677
5371
1680
3569
6738
8803
1554
1678
9680
446
1171
4901
2542
3717
9738
7743
9942
4444
7114
5153
2774
5255
8182
1636
6902
4047
1317
2885
8732
8148
7443
381
204
2805
2921
1300
7412
9439
7389
4609
455
163
252
5270
9815
9547
776
2938
88
5645
8877
3078
6515
5744
1128
3220
5161
7151
7178
3780
5849
797
6201
1729
7796
5032
3671
4372
4286
5248
6823
9831
6167
9642
4174
1501
1739
2560
1319
5824
55
4235
74
667
2893
5124
1469
8106
5802
1783
1994
590
7941
6521
6195
1365
3899
1595
724
7833
6569
5727
2953
712
2137
7723
768
8292
7954
332
1295
9899
5849
4845
7769
4922
7404
8936
5229
4270
7552
3788
7488
3579
6248
2560
7740
5473
9850
2215
1416
5099
4973
9700
8570
2602
2198
8959
1178
5937
1299
8697
4169
6802
8599
3980
9570
2906
3207
983
6432
1672
8724
8121
8689
7539
746
6107
841
4989
2104
2947
6394
2418
1714
1478
7858
70
1908
7006
7093
9262
1655
4508
9260
1229
4552
1088
9166
50
8807
8855
495
9488
5518
9908
6711
5631
2915
3682
5204
4529
6703
5560
9618
8871
2208
1934
233
4132
875
159
3512
6994
2102
1184
8353
484
614
1952
789
6316
7604
1168
9761
574
3717
6149
441
1077
8506
60
1924
7925
341
3693
5592
6368
1678
4659
3736
7788
1061
9659
8747
2389
2760
4859
159
4927
503
8069
9213
5567
38
4795
9039
9771
2531
1253
2079
5470
937
1041
4562
993
4836
1163
2133
2423
5781
2574
1638
4951
616
5849
8886
9839
4181
8229
318
294
5828
2806
2528
8963
8053
3168
1759
1133
5214
7036
9906
467
6198
683
836
461
1586
8122
4832
7378
4445
1318
1371
4283
4509
6482
6098
1032
3956
2247
1398
2610
3317
1404
9365
3264
9560
5206
6587
7934
1215
9953
7209
3322
714
6831
8165
7809
7111
7665
897
1643
9102
8628
1760
3666
60
9485
3094
3256
8415
8889
128
8809
4818
2046
7205
830
3976
854
3579
4356
4030
3869
3356
1357
7948
8360
8122
965
5821
296
9777
1224
4384
2192
9628
4658
8013
1891
8667
9399
9852
3922
8467
5044
4530
4789
8534
8549
6685
3847
5253
4873
7811
7287
3796
7491
4566
5164
1981
7074
7242
1160
6999
7731
1962
9025
423
805
3160
3676
6616
2413
4836
8603
4232
9452
1775
7096
9155
7214
7343
8946
8291
2099
1829
584
1752
7475
1502
2627
5173
2494
3256
4505
4171
5603
3941
6095
9290
2098
6484
3919
6821
850
5902
747
469
3847
991
8304
8177
4911
4342
9166
3533
3404
478
2615
992
9895
5661
8230
5594
7267
861
291
678
6575
5002
5236
1068
7744
251
4645
5242
3327
7092
6427
7156
2030
7275
693
8026
8097
4809
1316
7049
9835
4964
269
8596
1702
8219
9405
2533
3415
9410
348
9214
6289
7486
8229
4757
6169
5683
6981
2848
9594
1180
2738
1197
1482
7002
1182
4437
525
7378
7692
3537
4424
9920
1682
7725
4376
3552
143
7741
4948
1678
1151
254
4912
780
3421
6286
2244
821
2232
6686
3933
2447
5033
886
9970
5510
3028
8154
1545
3879
2685
156
9419
2330
6861
9314
3301
3076
2693
7130
9553
1723
3810
5883
980
235
177
1278
2825
3288
9109
7116
8990
3909
7992
6985
7869
2181
7966
1538
8879
5953
7872
995
748
1529
4919
380
5621
4174
5862
773
1365
2559
2381
3199
3093
2706
3356
2285
1216
9670
8197
2275
7479
4550
9014
9949
3077
9825
9605
1956
7541
5672
4156
1533
6323
4743
7911
5714
2384
2967
1179
1204
9274
8483
26
2609
8219
3786
4372
6019
4401
7829
7488
6378
3246
394
9291
8859
2705
8064
656
5624
8149
2147
3466
5250
504
4314
2534
3420
4702
4311
6731
7890
5847
9983
7310
7833
622
571
5665
8889
6884
6286
9613
6953
1901
3432
1040
794
313
4411
2312
999
1381
7692
5985
4250
2403
2171
123
7682
983
102
1631
4452
2868
1595
2211
5904
167
3357
5165
4230
4081
1449
7381
6537
5723
1626
7501
1458
3141
1497
9333
919
1823
1657
2922
334
2044
8130
2191
461
3540
2668
479
1444
1337
4046
113
1629
5084
5016
125
2306
6160
3774
2703
9280
5984
9974
170
3483
5949
9844
9422
7699
3050
3827
9276
9461
5899
7127
6585
7028
9211
8608
7202
1881
1470
4882
5504
8665
902
3315
7756
7542
4202
9909
3204
1577
627
6676
9869
7502
4409
6786
4924
8032
5310
3794
5536
55
729
9217
9634
5967
3206
3259
8449
172
2699
6765
8583
5674
8750
5831
7359
9593
6805
6085
2843
4201
2126
4206
4609
7234
8945
316
5590
3624
3379
1581
8750
7469
8668
9577
1234
6407
3563
6230
4659
7651
8136
248
5886
170
2586
8876
961
9508
715
887
5757
170
1320
1003
7260
1632
893
778
5813
9490
7633
4254
1453
8446
9374
2967
6992
3555
1156
7558
2833
888
5645
5467
6894
7441
9204
1962
7144
2493
194
3555
3489
5811
1881
9778
647
6575
6341
9172
1856
1191
4048
4843
5510
2194
6181
7571
1621
7627
9687
1558
2690
2307
4003
3213
5727
6085
994
8873
9980
6222
420
2913
9456
3533
4778
6444
6921
2103
7826
7777
160
3133
1432
5117
5504
2082
4411
8389
2776
7688
5694
9581
511
2331
9504
9400
8376
5248
5950
4896
102
8063
4087
5673
7250
6286
4881
1185
6490
7952
7098
7835
7340
4735
8657
8348
2580
1173
294
5541
7218
577
1312
7874
8064
8
6589
3986
1010
154
9359
1289
9166
1238
2037
898
2334
7568
1591
5689
5252
787
9591
7400
6349
8722
2964
9312
601
9459
352
2570
9114
1982
1508
5262
908
6850
9987
5892
7204
6569
2109
3578
1547
2509
2629
5
349
6955
2676
7611
8428
1431
5487
2417
3083
3904
4423
8752
2760
3861
9248
7069
2809
9832
4084
1001
1163
8530
2568
854
6871
807
7920
492
8182
8955
5134
7834
8806
1798
8737
3345
6733
5940
1420
8413
5309
6864
403
6149
3273
5458
6398
4518
7287
902
9671
4155
3670
415
9190
6960
8402
2491
1647
5030
6566
5657
3578
6041
2626
2761
436
785
4669
6227
468
4342
972
266
9409
8024
1843
5026
2130
1053
635
5280
4501
4220
4293
2033
6692
5721
9294
1790
7140
1698
4148
1854
5664
1402
6904
3820
4039
2100
4996
9435
4929
3202
9887
4551
7239
4094
1967
3037
7060
9626
3886
8062
4870
2195
8223
2608
5593
2699
1683
7718
7686
5430
4936
3714
8312
1349
5841
5032
1408
2658
1499
6868
9082
4187
9279
9006
8063
5586
5396
1356
9948
1076
5479
5961
5442
3353
605
5525
5631
6876
7880
1534
5566
971
6729
7101
426
129
1045
8692
7241
6562
4522
6758
887
535
3779
7927
8880
2459
443
4310
8770
4132
2959
696
8177
8934
8679
9400
5757
9589
4838
3339
6962
1801
2815
9272
7358
2647
4299
8712
6297
2190
9896
9802
288
8911
2660
8923
6753
3408
3675
3156
9022
4338
4045
7300
3404
8914
9636
8703
4139
1757
4148
6551
5355
1832
275
9946
909
8927
2027
4012
1703
9420
1710
5319
908
5562
2602
8449
1580
1402
9917
541
1576
7894
3866
6883
4281
7541
9996
3140
8161
7726
2043
9593
2593
7552
7213
5772
2093
5809
2526
2361
1117
8565
3379
5094
8357
9090
2156
7969
4392
8145
5016
1577
7592
6120
9422
1103
4033
2262
4536
9342
1655
1422
4930
6969
589
3112
2756
7556
3911
788
1500
9303
8866
2513
3808
606
7459
1517
7283
2259
3517
8541
4149
8304
9143
9919
5120
6624
1485
7566
6288
2566
4901
6359
3858
2032
1317
2473
1521
5804
3044
2018
4829
3692
1038
9048
2925
1959
2252
1684
4118
2176
7347
4534
2444
9691
283
853
2776
4492
1059
1141
2075
6066
163
2239
1747
7605
659
2795
7451
5180
5386
6161
263
7698
2089
1297
1681
1721
457
3551
670
3583
8178
6803
8820
8865
8749
2832
8847
765
7245
4947
9746
7260
1689
8350
4460
8128
6253
2742
2747
2810
8819
1610
197
4032
2075
7285
2052
2157
9010
1734
2354
6729
66
9230
1526
8650
9798
4889
7197
4811
129
9680
8172
4956
9104
798
6965
5818
6877
9714
5097
7216
4901
805
9965
8718
8348
4844
2576
2458
9599
432
9227
8565
8203
2733
5993
1567
6829
5639
3561
6540
2633
9236
4482
425
5086
4645
4407
8970
1369
2614
1516
9382
9946
4073
1240
5557
9396
542
1738
440
7593
1735
8752
427
613
6969
9750
1527
761
7124
6620
9178
7740
86
9596
4635
3229
1773
3802
3656
4171
9084
4509
1682
1176
9632
1405
9964
8236
4147
124
9152
2038
4545
3034
1427
5384
4793
8580
2138
3428
8198
4158
2028
9569
3599
5457
7178
9107
3644
5109
2029
9786
8266
371
8958
7801
2512
6948
2364
1786
2467
8270
8569
2272
6727
1585
3990
8973
8871
3756
9472
8645
8374
1366
2171
6770
6487
2266
5647
9210
7915
161
4016
1086
8041
3654
210
1012
8402
8999
3723
1495
5509
8808
2827
5773
4656
1324
8315
2362
5065
3110
8226
9444
9516
3612
7230
9126
358
4014
3489
7544
9057
2662
5625
1007
2256
2704
4132
2913
5342
1627
6627
4412
322
9857
5759
2007
3670
5508
682
441
7976
5497
2792
5304
5840
8137
3677
6485
6627
2950
2152
1799
9432
6491
6176
5317
6265
1351
3582
360
2028
779
3132
3183
7154
5025
5356
9653
3151
8640
684
5392
3708
8030
24
4923
9450
9589
2993
8759
9912
5113
8940
1646
982
2936
9998
2616
2458
2755
1111
6657
1203
9805
9676
3290
525
17
2074
6606
5909
8793
8456
5001
2637
8844
8172
8980
7569
4487
5504
4228
1867
7568
1926
7668
1844
694
266
2640
893
2797
3432
1556
9037
3929
4941
5811
923
6025
4994
4444
8798
4214
4678
9882
5570
9868
2411
6300
7007
5064
6548
6772
4581
2866
2270
7971
1434
4797
701
6885
1432
3917
9719
6793
4048
8552
6455
6356
7571
2496
1195
6726
4867
3328
3343
3485
357
1285
381
8761
7994
9887
309
4800
9950
2888
9130
4338
2592
5988
8333
7983
7139
9578
7774
552
4341
946
9520
7204
6734
2671
3613
8996
3979
895
4522
2089
812
4304
3883
852
7578
7701
8746
7854
302
2234
292
5001
7741
6884
740
1399
2584
8733
3397
7465
1444
4094
8290
2395
7876
813
3184
7710
3888
7386
6063
342
5024
3924
8876
117
7929
1890
9899
5543
2236
4831
1539
2944
7195
4741
3274
2659
3837
4125
1011
4149
6468
1781
9156
4337
1965
2211
9469
1308
7464
2378
6358
7420
7049
634
3785
5013
1870
477
6816
308
3857
4559
4512
4831
6384
9758
2902
5660
2940
5059
7504
3666
5647
9038
127
1037
8705
409
4491
214
7164
5622
2648
6402
6910
4250
1192
442
4576
4430
4162
5723
6469
164
6081
6542
3093
8471
1600
1595
8971
3558
1156
1065
331
4466
4218
7801
9303
8278
4435
8533
8868
1511
7180
2130
1673
4539
611
6061
808
1055
1608
4358
1184
7571
4512
3174
226
361
192
22
1442
5439
2712
2307
4225
9609
525
1069
3705
5874
5179
6815
8040
6308
8283
6116
4368
598
8482
2439
3214
597
4906
8219
6778
2039
533
6269
8574
4012
1742
3335
4139
7541
9843
8102
8921
650
1456
7343
589
5350
6765
365
2495
9222
4828
1630
9532
2546
3707
7663
2330
2411
353
8308
9066
7078
6263
9356
8515
3719
8163
3989
2349
498
4381
8380
1130
8413
9964
3192
140
7114
8929
936
7939
1332
1767
3081
437
5992
6584
7964
1043
1558
4788
9528
5370
9992
6286
2412
8311
2883
4679
39
7327
427
5087
6748
2686
1131
6776
784
1278
2597
5566
3958
5194
1127
1828
2173
6323
336
4337
9864
7363
2209
1131
4078
6208
6342
9346
1859
1347
2311
7056
5143
1834
7242
3183
6030
2235
1676
1469
655
1658
8720
5804
2384
7437
1735
8284
1747
701
8769
3884
5258
1648
3170
5614
2528
9141
9944
3884
6107
591
4684
8840
5788
7366
4647
4056
1033
4618
327
6929
7870
3209
8963
4627
7311
8499
3691
6022
9169
8589
7203
1843
6330
9379
6193
6710
5509
2161
1173
2498
10
2435
8393
5190
5758
6923
1833
4479
3015
1491
2005
8286
5859
8292
597
2251
4586
6262
2172
9402
176
8201
3647
3453
3407
1156
9368
7274
9253
299
8662
7487
4874
2854
8167
3507
9973
2240
1785
9230
2447
2398
6270
2284
6424
9073
3614
285
9272
2028
4225
7169
6105
4794
8829
1955
7107
8234
3724
5171
7288
7325
9298
5304
9522
178
8910
38
3417
1023
1279
1708
3481
2002
89
6209
3123
920
4567
5569
115
2223
5379
306
8354
4055
7268
9212
3421
8687
7703
4344
4278
5741
9298
4871
8154
621
2933
8807
6674
782
9810
7778
5021
4552
606
5127
3422
3475
1032
3565
610
85
1961
5877
1157
1482
1741
9552
5861
5705
8849
3745
7719
6788
4829
6499
2489
2752
4421
9918
392
9462
6202
7463
2419
4953
6838
181
2080
2344
8840
4971
5165
9511
8780
7027
7113
8537
1583
8695
1620
3137
4882
6710
2404
442
1388
197
7929
8562
7733
4020
8052
3742
7536
7715
243
3227
9673
3060
2224
1873
4848
9106
172
9516
6980
1907
3350
9886
1619
7594
2640
4415
929
6048
1491
950
9959
2900
1857
1325
9102
5072
1500
7344
9148
5182
6742
6214
174
1531
4280
7908
9703
7755
4007
1470
7880
4749
8131
9999
3233
8592
9010
8090
1222
3414
3741
5762
8085
1240
873
4967
4935
4810
2649
9954
165
673
2146
6948
9582
1138
9807
570
2310
9629
8726
1859
2976
5865
2554
3780
528
3729
8338
7836
5706
3776
2443
9364
8799
6009
5257
4074
3513
3819
9012
9998
7972
4691
1440
2507
8240
7970
2125
3178
2596
7600
5601
2292
102
7808
5010
5943
4168
9206
4681
5211
3429
2647
4787
9445
8924
4928
7274
44
524
458
8163
7402
6513
4668
2217
7860
3901
4193
3994
558
4282
9772
5120
9497
2799
4745
5027
4399
8610
918
8541
1360
846
3314
2495
7965
3541
5412
2866
9397
1831
3631
3280
831
5219
4965
7891
8631
1724
5290
7166
9036
9344
106
9755
2554
950
5853
2197
3027
1030
1689
6872
5315
9054
7913
8421
5620
7057
9038
5498
6543
9634
8323
3137
4916
7314
4101
24
28
4278
4514
1761
909
781
5025
123
8430
145
1923
1713
5516
7931
1272
1376
1228
9324
9125
2719
9073
1065
7076
9546
8240
1846
2829
3808
4099
4279
3060
9391
6843
6003
1203
9035
2745
2618
3417
7126
9215
7848
3219
3293
8754
8538
6346
7439
5602
4801
7405
3908
6494
2021
4960
1371
1906
8251
3221
9732
3250
8618
6987
8751
59
1514
5236
9237
7080
2670
2795
5350
3811
628
1621
3330
8364
1403
519
9660
63
6036
2057
7803
321
3564
586
1011
9003
504
1652
8181
8746
9394
7953
4546
7478
7300
9805
6517
721
4242
3134
3057
83
3533
9554
2744
1476
7797
7096
1855
1353
990
162
1358
8963
4198
3240
492
1652
5974
5281
9258
8467
8392
4958
7967
2018
24
3111
7860
910
7197
8570
6033
4406
7946
9985
5288
9488
8320
3540
4287
4105
2263
9343
8820
9564
5148
4676
3821
2628
8365
5652
5901
1797
6723
9466
3886
4488
8223
505
7547
7461
9656
168
972
2118
2660
9194
8616
4233
6293
7011
1974
2535
4326
6072
37
8003
8662
8038
8685
5989
1556
6549
6645
1319
8220
8798
6391
8047
7840
1275
992
7855
7995
1455
3788
2601
9410
4006
9378
4583
1596
8829
8075
8746
4595
4597
457
4434
780
8932
9222
1981
6835
5069
90
6659
506
1041
8786
977
2228
4630
909
6612
5149
7351
7912
3129
9037
4556
8124
5378
5132
7243
3270
7196
2360
9711
5592
7743
3028
7128
4319
437
7363
4387
436
639
534
140
823
6676
6611
9249
2840
6987
2311
2473
2152
1628
7020
1524
5472
5730
6062
2964
1919
227
4314
2285
3786
19
9033
2089
6544
9077
6476
992
4716
3124
9672
5270
7006
897
1924
9892
6235
974
8928
1132
68
5611
9016
4439
2101
5182
4569
8097
367
9768
1796
3736
8984
390
2369
4672
7680
2437
2149
3611
2792
7178
6919
6999
9983
48
9903
7400
9533
6531
1009
6264
4435
2173
5321
5068
2594
5855
1862
4441
8636
8403
3548
6022
728
6719
404
964
1497
8477
4231
5356
2897
4600
8460
8359
2690
7353
3534
7620
5078
8659
49
6037
7247
1836
3638
6795
529
7533
173
3492
8735
1068
2954
4417
8627
2840
1531
1213
2674
7508
2746
4347
560
7000
2574
3775
3439
9460
9366
2480
2510
8326
4105
5548
6944
7470
6311
5245
617
4272
8293
8138
1888
5050
807
273
5122
6855
702
7059
3412
2195
7892
2017
4139
880
262
134
831
7064
9666
9988
9837
2468
6720
1284
5644
4300
326
7656
5938
4400
4966
3732
232
2758
9771
9948
8251
69
8356
5375
9589
322
3440
5877
363
8089
1851
8484
7144
4286
5800
393
5131
2292
2463
4966
5756
2670
7304
9047
4100
2212
1033
9785
6189
7257
5453
5884
1656
826
3190
9960
766
7561
1636
8447
6025
8139
4854
6802
8340
366
6544
8326
2064
511
2462
6936
5064
812
1816
4975
1079
5205
54
2737
329
1192
5334
3833
3503
6206
460
3239
6791
1936
1065
1096
6284
2045
4415
2759
7897
8592
851
7892
4372
5806
3332
4
8872
3773
4764
7082
2915
684
9380
8725
738
6798
1533
2857
5866
3720
3676
2866
5657
3822
6022
2967
827
633
5629
8187
2977
1212
6777
7578
4159
8359
8250
6674
8933
2795
2764
4783
4017
4686
7388
812
3650
2498
3579
7030
880
3458
145
3427
106
4252
7140
9284
480
9621
4616
4615
7187
4521
2553
8112
825
1554
343
8072
677
5932
1537
6342
6087
3686
6246
6222
2816
6299
5639
9271
744
8706
2657
898
3796
3842
5226
3047
6130
1770
6826
498
3350
2704
3820
9070
4906
1353
372
560
7058
9129
1443
7800
1966
3963
3609
1876
2899
5794
2058
3045
492
1489
7797
6485
5133
1096
1265
3337
4265
4112
424
8452
9044
7834
8089
573
1467
1378
744
4658
9170
7914
8553
2972
6254
7764
925
8852
6085
9231
1820
5127
9059
2566
5940
22
1743
4102
2576
9777
1437
6879
4605
3558
2756
1564
3049
516
9474
2294
4268
5044
5631
8470
5276
7290
224
3306
3435
3465
2701
9978
244
69
4373
9739
5719
3805
7696
1603
9424
2536
9798
9038
5118
2286
4958
3441
5491
2875
9657
733
8168
8864
5968
9335
1427
1195
2442
5845
1867
7880
595
987
6667
1272
1034
1238
4021
9824
746
4697
6713
7861
7100
3831
5974
3575
2570
8128
7920
7707
3878
4831
1763
190
1692
1395
9767
1206
1542
3837
7972
2267
1295
5865
8456
4374
2634
5105
4295
8697
6164
9598
3986
2544
1159
3232
2203
518
1728
2640
9175
7307
6835
1460
7093
1716
6301
8963
6623
4387
7291
9
2831
5417
9
7805
1460
2169
2205
7042
8244
6271
134
2107
964
1153
2623
5186
7094
3141
7784
9114
1042
8355
3287
6227
5528
6908
4202
399
6804
1115
3984
5827
7475
5819
5001
7887
7862
1385
4540
2562
5829
2555
3592
4215
3702
4337
7740
1909
7726
8395
2538
7574
7174
7004
6361
9013
1153
7853
1787
1950
1454
9541
9823
8721
2265
4423
7144
2311
5559
8669
2797
376
802
4484
8386
1964
6737
1591
5590
4352
2203
5696
2543
4860
1405
1021
9251
131
7387
800
200
7754
4660
6665
4767
396
281
807
2060
9629
1550
141
201
3470
706
3154
8348
9280
940
9116
854
9437
6887
3085
5261
4003
3903
8718
5212
2466
364
9995
5961
4297
5150
7264
9912
8524
6698
9779
126
3512
3013
769
8345
3562
8573
4893
2062
5213
128
262
8274
8354
4695
1065
7373
2085
6083
3415
1404
3805
12
5545
3110
3188
758
2192
1954
2280
6644
7537
9863
2754
6225
6066
8883
8341
1229
7422
3488
6697
4452
3391
5428
1032
1270
9837
7544
9608
162
2817
6747
7275
2820
15
4904
1155
5025
7316
2117
2346
1809
9980
1773
1265
412
2087
9073
9767
3752
5388
6874
252
9778
7407
8258
3367
4346
8223
3652
3893
4068
6867
1297
3667
7996
8439
5509
7278
602
113
9993
8136
4902
7161
8346
8078
9438
5432
3465
8536
5014
368
148
7520
1071
7292
6
5527
8843
281
4491
148
7600
1590
5174
8046
8539
1704
6614
8524
311
305
3542
7803
6894
1601
5748
4576
9038
1550
517
1311
7680
6400
455
8027
6245
1344
5047
6415
1778
4227
9139
1468
5198
3553
1330
4212
1242
5930
3587
4215
8848
1995
5252
5467
2542
9981
2133
33
7893
3664
444
6261
7133
8918
8617
3655
2316
2866
2284
3672
8423
7971
2054
535
4248
5404
1086
7469
1152
4166
8245
1557
1086
5991
5980
2288
7633
5909
9332
3303
1019
8310
7365
8595
8086
3050
212
1402
6475
6779
1759
3674
9537
8051
5211
683
1235
4799
3056
9088
1574
851
1618
4575
1001
254
9412
5393
3437
2687
6696
6668
9143
9800
2698
1183
739
850
30
6157
555
3010
8039
4301
5209
1770
7034
2065
7290
1011
1457
7383
5139
2889
2260
3485
1048
2215
2069
648
554
5013
1723
9221
4865
4063
3458
1169
6315
8536
6545
9623
8260
7567
2364
2169
8246
9521
2394
5489
6482
8319
6106
1096
4432
4113
1330
5318
4484
3690
3304
5419
2305
46
3892
7949
2658
9266
9493
2739
9831
7556
4676
6930
9005
7003
4966
5398
8017
9695
8149
4115
4758
4315
9649
3244
4133
2514
275
4996
3044
1504
8067
8579
1338
4643
4667
2187
9938
2426
3483
507
7326
7980
6862
2788
8542
8412
9981
8075
4914
2076
2066
6222
2700
2672
4800
8347
1641
8548
6993
7021
7569
3024
4144
2199
3020
1515
1960
9158
5992
8334
940
7827
329
2346
6457
9798
2800
4972
8841
5793
7584
6144
2201
5212
8300
2069
9870
6892
8148
1296
3059
6554
3538
1698
9381
2625
2048
4142
131
1208
7517
630
5744
7857
2464
4581
8796
144
5115
403
1346
5648
2931
8308
4755
2371
9727
34
8770
873
3104
7836
4801
3875
9376
1519
2764
7703
3069
4628
2756
7495
5848
5194
9072
4189
4537
3846
2895
3898
694
8968
7360
3472
9956
1903
7910
3036
1485
4640
2710
1016
5282
1107
2227
6079
2611
2558
5036
1251
60
4774
2628
3371
9730
6755
4930
1921
9455
692
5290
9020
2154
1011
9580
3832
2075
4426
1835
1503
1021
7269
6801
2322
3413
2042
7329
6456
946
7127
845
5819
789
3307
1753
3774
2547
3352
1231
419
2840
5367
661
3053
9519
1884
6300
2802
335
5835
4842
3347
3192
4316
7915
2991
5551
203
5779
2340
6725
1923
7671
999
2975
8651
5820
3223
5090
3569
4880
2253
6877
2279
5672
1430
219
5788
1418
2420
5737
252
8300
338
4725
3786
4060
2726
8008
7613
5233
8956
6934
1416
7522
9585
3667
7855
8038
9661
23
3767
6683
4261
2005
8301
1739
9167
793
234
6124
6231
3072
8725
8951
1058
6989
1465
6076
2737
2585
456
2563
2184
5962
5089
3542
335
936
8734
2525
617
2956
6385
4746
2020
2457
1696
1190
1936
3487
7742
7212
9283
925
1996
1061
1980
1528
3680
2099
2966
410
1845
1089
4720
2844
4035
1707
4587
8342
2193
2619
5971
1366
9943
8307
2609
720
3193
5570
529
6886
9681
9840
5360
600
2203
9804
1928
4525
2840
1401
2094
866
7355
3348
9915
6786
7128
8057
1339
3239
7134
3638
9027
4608
7970
1136
3542
307
4910
8405
5321
2517
2426
6466
6981
8264
6714
5110
381
6804
1895
550
305
4361
3955
1090
707
6100
6551
4232
3864
4001
6623
7352
9904
7743
7305
5368
4905
5754
1433
9672
4577
3781
6737
7913
8171
7270
7055
3353
3637
6598
4343
4482
9287
6793
8307
9749
5150
9275
7800
7472
4169
2796
5115
1976
6612
2174
3636
3203
9987
2620
4274
5796
8913
1485
78
2300
1691
297
6148
7359
8646
6779
6992
966
3928
3384
1237
2275
1957
2207
6916
5082
5768
49
2299
4941
9509
2243
7660
7976
8044
7489
6335
5183
6833
3846
4298
3349
6266
5513
2144
9167
4713
4858
9961
5064
3387
4846
6033
9766
6656
2663
482
7196
907
4439
2022
8433
6844
1398
3383
7553
8140
739
2986
2691
9193
951
9021
5915
7667
4880
7356
2801
3494
8524
6682
2977
5561
2916
7373
8068
8198
3052
1163
2320
3339
8440
2292
11
1985
8800
896
5397
9771
999
6523
2391
4736
3065
4413
6614
7629
4148
1023
3197
4533
104
5595
3738
9850
5889
5171
2247
9585
1493
2165
3484
16
5545
3582
291
5115
7177
828
3340
6704
2392
3400
4802
1792
2324
6724
3198
3855
7325
6545
2811
2493
3799
9525
905
1622
7551
5194
1046
7239
2443
7242
394
4930
3044
522
801
2612
7736
1589
510
8676
3899
2539
5198
3807
3807
9977
6251
8322
3908
2555
7779
4391
3985
766
4712
517
2707
1211
7961
9937
7765
3457
1744
8041
945
4675
9517
7666
8022
7666
1636
2463
1691
4251
6994
7654
1699
1508
3653
4510
2721
3539
685
5132
2445
465
7150
2142
7191
1149
7399
6039
9500
1187
2904
8044
8584
4526
3631
8590
5755
9627
9812
5273
8494
8545
1126
4252
4823
7502
1653
1867
843
4755
6097
9202
68
3075
1347
842
3395
1560
5754
96
8792
1351
1001
676
3551
8261
7856
4352
3293
281
2663
1354
8060
2356
2210
2411
4948
3614
4865
5809
6379
7315
5031
1745
685
830
494
5233
6431
9765
1401
7942
2496
949
4299
9337
1697
991
2278
735
3175
4051
6181
921
5167
2316
4078
8825
8481
9885
9666
1559
5688
4794
7720
7491
7233
2041
617
2667
5201
1706
9165
8831
3804
1990
1125
7235
9892
1988
1738
6949
4271
370
1959
2928
8380
9217
2546
2544
935
1361
3569
7542
6155
4928
3610
6286
8359
8333
3339
3696
5172
257
4780
1604
6086
2561
5409
3546
1569
7453
293
6248
3934
284
8883
597
8989
780
4342
7734
7997
6404
9684
918
1723
7917
1366
8636
9048
3569
348
8679
4526
754
4271
8525
115
6830
1142
6181
8415
6049
1213
2545
3083
4315
4211
353
4842
4420
946
915
5532
9454
5653
3119
4593
2586
565
4627
4459
8765
4468
1178
8007
2692
1806
5906
8542
3973
685
1789
7606
600
1452
408
8350
7367
8029
5659
7579
1714
3055
3729
1276
2725
3018
1545
2452
5758
3838
6699
7161
4409
3051
3487
5849
9727
1841
7946
4189
2015
6460
4058
5648
8091
9944
5685
5473
6582
491
5949
1559
1164
2275
1238
4836
1747
7853
2331
9550
2881
6424
7950
1594
9838
9050
2175
4841
7979
1441
9503
4520
6755
3724
7108
4531
5201
2075
7647
3130
722
116
9389
470
3740
504
7020
1533
5359
1829
3119
1156
1868
1085
1058
9605
4931
3783
9777
2802
497
724
2247
1640
4537
3333
9331
7271
1074
7979
688
6337
786
8256
2884
3489
4570
2244
6377
3022
2946
7754
5819
3568
2021
9796
9361
451
2881
5867
3103
265
1720
724
5739
2293
554
8975
7855
677
711
3170
1550
5823
6623
3558
7610
3584
2940
7825
5894
1136
7203
196
2776
1338
5111
8212
5777
795
7422
2286
2159
2633
1320
1687
4659
630
5005
7171
1311
2581
9879
6215
2098
4188
8624
5808
711
4746
604
2949
2810
5115
4138
4858
3373
7273
7063
1207
5579
1942
2836
89
1227
9720
7594
5847
1574
980
6939
7271
1532
6302
7434
6594
6548
5903
493
2085
8067
6456
705
5306
2255
8838
304
278
5732
6278
3503
5636
7462
4299
9483
9154
3321
6206
1301
9115
3102
9542
3178
1461
2926
4488
7464
235
9771
8384
6478
7837
2597
7521
6084
7335
3403
825
27
2287
3939
441
6982
2035
9708
3987
8265
7731
193
9492
2897
6618
2049
4389
3860
3059
4797
2509
3754
5050
689
921
1372
8576
7654
9470
2044
9619
4391
7005
2022
622
3587
3945
1445
5692
179
8998
632
1363
5101
770
1462
2702
3576
9304
9665
7147
6256
5058
1479
8167
7180
207
8814
2647
862
3158
2513
7496
7403
7946
4470
6777
1772
6462
8835
2807
2932
1963
6880
3961
7267
5023
4077
6462
9659
4408
7351
7172
2385
6786
2744
394
1173
4813
4685
9528
8581
4930
6652
2749
9743
1623
7173
6153
1558
5921
9720
4333
6071
2922
6775
9503
2957
2724
6445
2370
8465
2765
1456
4950
6998
4435
4883
59
2484
9017
6480
460
5907
2154
2244
9146
2139
653
2170
1446
281
9578
1596
4900
8356
2093
7239
7564
8865
904
1199
5186
2212
6542
2595
9592
5416
237
1090
3635
6049
667
9471
587
2207
3221
9537
4135
6598
5059
3117
8185
1244
176
7192
1125
3667
6025
4663
552
8728
9316
8970
582
3770
3619
1929
3044
4463
7449
9789
2344
1923
6092
9474
9582
2819
316
5707
4380
4089
9506
4215
7496
2024
8716
7859
3304
5467
4217
4288
3707
9481
4272
710
8982
3900
8214
1161
5617
6930
351
3563
3859
9747
5188
5618
5483
1813
3878
4859
8529
9628
3298
4671
8877
629
2758
4645
9254
5109
3571
4665
5101
5102
8643
907
4491
7410
7484
5307
7687
4347
4246
4692
5069
2586
794
5878
1932
1998
8140
8024
8911
8887
5914
5309
3582
7643
5349
8295
7701
1833
95
2122
1174
5533
2485
2674
7659
5300
7696
5463
2462
2512
8231
6848
9308
3085
3159
7702
9863
3221
2821
394
2604
7122
1475
1962
6773
1314
8865
3712
3823
1695
9974
6299
126
9455
719
6050
6559
5385
5288
7734
1518
5962
6889
8936
9130
9015
4402
2923
1350
5764
4202
2394
4833
244
5972
6541
3672
6929
8403
5496
315
1407
4032
149
9597
4284
8217
772
7407
3371
4108
7071
3728
7969
8597
1251
9070
3263
4052
8379
224
6945
6818
5839
1111
3750
2806
1502
2337
8514
2851
2408
8016
5568
3268
2703
8987
1708
6410
734
1172
80
2645
3435
3562
7773
5522
3785
7343
1068
9044
4225
9757
7285
6230
6706
7860
1024
8320
5382
887
6059
4888
5671
5288
2827
7786
5233
3297
6614
7755
5066
2500
8689
1259
8400
1093
8885
8089
690
1383
5559
8187
3922
2212
4344
9022
3433
722
570
5195
1724
8578
1061
9915
5133
1402
5257
7868
628
3125
3700
5732
8752
3561
262
485
8552
9226
3554
4978
5815
605
4984
465
4248
991
6114
2801
1390
7319
476
6286
2920
1962
2055
5427
8642
382
4511
1200
6783
4672
5324
2076
9238
4666
5446
8268
3787
8159
5533
1428
2703
8105
7175
6733
2522
9557
395
8968
104
8957
9485
9090
9138
423
2475
8873
2671
2700
2904
4574
3211
8667
887
9547
6438
878
5547
1655
7311
1998
4540
5399
6291
8963
3388
792
6609
6974
8186
4410
8800
8923
5927
1279
3859
7249
8327
9796
619
2508
2331
495
1662
9741
1293
7466
6119
943
4219
3407
2878
2141
1799
6949
3978
4707
8926
5545
452
5138
1992
2576
861
9721
8784
2396
3874
1952
8820
7693
1119
5942
2575
7802
9970
9821
7877
7873
2050
5588
239
5387
320
54
40
8851
7324
6081
2518
1305
8539
8778
285
2402
4903
7534
6625
6626
9288
3484
4666
8620
4194
3890
3005
8280
9278
6437
1785
9367
2158
1989
1967
4100
11
8336
5189
7676
2049
3045
5244
5791
3134
8220
1345
3847
5399
532
5905
8328
7979
5325
5313
2424
4028
2616
877
2817
1275
9948
7359
8805
2995
2074
1186
8994
105
9650
2983
8246
1874
2007
536
4132
8118
1089
1116
6199
2052
6098
2666
3735
6677
6556
4481
4442
37
1440
4103
8012
960
777
3216
6834
1881
5915
9266
8620
4833
6726
9590
1945
3606
1360
4178
559
9610
8913
2581
1467
1494
8064
6370
2022
4350
1855
9089
3801
5798
2291
1874
9570
6645
486
1172
2359
1993
8336
2693
8938
1740
659
2682
2878
4822
3174
8145
5017
2578
7749
4693
5451
8981
6710
3299
5934
4348
431
7562
7886
6278
151
2344
5066
4419
7930
83
8076
4506
609
308
6086
1681
8145
6971
7245
8952
1506
2927
3786
2535
9251
677
2206
7770
7069
387
6694
2265
933
2597
7872
8909
8149
7711
557
9216
7565
4772
2168
6453
3222
1607
5301
520
7640
368
8429
1894
6861
738
6089
5536
677
9722
9581
2508
5083
1386
4631
2541
999
87
5960
820
4166
832
5667
983
6679
8800
9379
7329
8647
5670
7538
2969
4272
6755
4679
6472
8957
2307
5791
3717
9345
2527
9215
7539
1449
706
7481
4622
6639
7435
5374
530
2528
6915
2963
5741
8160
10000
2710
9094
269
9464
7315
1517
465
9818
4194
5204
3964
4553
8627
4223
8177
5755
5469
1368
3311
7873
387
6806
9460
6312
4825
9023
4013
6288
9653
2828
2193
6633
8953
9564
3454
2311
4864
7499
1475
3678
1735
2004
2801
3982
510
3045
5692
341
9263
2194
1494
4769
3134
7933
1133
1589
2353
1444
1380
1630
7586
9355
96
9542
387
1788
5556
8649
2290
7260
8159
6726
317
3247
67
2216
4759
9487
7706
5958
5308
7913
4340
8392
145
7385
8932
2411
1488
7096
1068
6278
3250
1282
486
7230
3085
8509
7605
807
9105
3222
1435
8860
9517
6702
6812
8769
1031
5094
1170
1014
1036
5046
1107
863
485
7860
5728
3890
6779
7747
1503
3152
3308
9578
348
8008
6911
8327
2619
7929
9460
8355
3360
5942
1631
5368
3299
2735
230
5792
334
9885
441
5344
3033
2189
8930
2597
1689
8178
6573
2094
324
292
9065
1290
6728
621
9983
7843
4524
2582
2148
8939
7751
2573
