1392
6738
7437
9913
4189
9131
6592
9696
6645
8183
7599
5009
3241
2294
9954
7492
322
2427
6086
5215
2281
8728
2578
2047
7341
8359
8859
4151
7456
6027
1445
2247
6483
8054
3643
9553
1747
1756
928
808
9764
5608
3431
5530
1421
1341
3776
4736
6580
7295
8773
7843
1884
3267
9796
9265
652
1365
1165
3280
9554
5161
8862
5442
1288
852
6301
3130
1445
3339
566
3951
5751
1563
118
750
2463
4764
8807
1956
414
4160
236
5996
9343
8176
2400
4054
692
953
9578
2681
5510
3170
6164
5610
7623
8946
7244
2269
7674
8896
6954
9132
8310
8666
8003
8454
6743
250
4638
265
8373
4326
8597
6275
3049
2007
3550
5125
7821
5309
1578
1498
8851
8736
1037
1718
6777
2825
8112
1314
1755
1587
4964
3767
4457
9596
8
6377
2635
1937
8748
3719
323
3625
7942
9071
18
8064
4293
5831
7405
4375
1685
9898
4497
6986
7987
143
1653
4738
977
8400
1935
2092
1819
4378
1753
7098
9483
4352
7141
1480
970
5477
9439
6257
6632
266
2498
1635
8031
4164
6430
9233
387
6305
9833
2264
2172
829
2931
8068
4950
5456
1694
7539
1560
7658
5533
5050
6821
7698
2492
5911
6256
6108
3905
2022
6227
5065
4130
8920
7746
2755
9656
1025
2443
2937
866
898
1104
7735
7372
6262
2345
5433
368
8736
4419
7714
9982
7397
5614
5528
9545
5318
4678
6355
3522
785
5327
1398
1017
8103
9847
1644
2385
6497
1350
8567
8836
127
4649
2853
9510
5602
9744
6772
2526
8475
212
520
7059
8147
3725
5210
1619
5164
1427
3299
5865
8008
8500
6521
656
9353
325
8281
8771
2456
1036
9158
1911
4714
3326
6656
9964
7967
2468
4473
6895
1533
1107
9460
2036
9677
524
5135
8962
5668
9585
2499
9055
9220
9049
7641
237
6516
294
4751
5205
4078
8005
5532
9652
328
7238
1488
9891
5301
4573
1791
6364
828
9927
5327
6265
7193
5809
4720
8750
6259
6278
5852
4522
2782
4551
1295
3883
2657
8752
7785
9696
1067
1961
1233
4082
7394
4378
4332
997
684
8850
5774
9051
9569
6314
6321
6107
5968
6421
9940
2320
2818
4827
5429
9780
956
5782
5042
5407
57
4285
1517
8027
9799
1343
830
1386
4480
5090
9581
8297
1724
2365
6192
8934
1877
562
2513
4001
6875
704
9492
3471
7673
8136
5175
117
2232
7790
4699
5555
7442
3363
4723
3758
8410
8865
8219
7442
3210
2070
6266
120
1629
8148
4906
757
3854
8088
8616
8467
6385
202
5863
7396
7904
4228
1978
1363
7304
1591
4338
6462
5526
346
3588
4833
636
3205
4479
2292
584
1437
828
873
1975
5200
9271
2350
8054
1124
2285
266
1033
3498
2566
1749
1504
3481
4597
968
3094
5240
1822
2728
4235
3644
1704
8669
1349
1780
2786
5672
8355
6128
7115
4436
1634
2329
4892
2315
6244
861
281
1772
189
9610
9673
8348
1215
9693
6433
3084
3193
9995
1576
5881
4411
7856
4534
1529
2717
3509
4574
4244
7489
4200
8078
1841
5079
8775
3940
2339
6639
7004
2307
3140
8820
4592
7207
5937
3463
7945
5525
1781
5721
5846
7975
1610
4413
7165
4950
221
6973
1586
2297
1602
5404
1595
2381
3593
2380
8049
4069
7647
2209
2682
4404
7831
7494
3237
7288
186
3886
9509
2858
7837
7165
7058
4723
8067
3513
876
6002
2098
7483
9633
1131
5498
5962
6609
7793
1811
6442
2401
9495
3782
4065
8909
5556
9855
4074
6305
1989
2001
2878
5241
1288
6411
6847
3863
1014
4794
5735
3413
7072
3359
4913
8315
3885
8914
7781
5428
9490
9159
234
2813
9924
7056
839
3517
2154
9299
7562
8827
5478
2606
8973
1116
5542
4904
6918
764
2598
1033
8783
1551
6024
5212
5525
1496
7782
692
7620
6586
55
3310
5090
1774
1617
2406
4843
4996
2463
1260
1486
1805
1875
9527
5461
5463
3292
9562
2362
8234
715
5719
2344
9956
4291
4946
3953
2848
2144
4904
2527
973
3945
3551
9644
7739
6328
4462
373
1416
6618
5217
508
509
7394
3382
4845
35
1315
4412
8228
2714
3166
1949
2557
5642
9016
7624
9355
6475
9008
2548
461
131
8560
6946
894
6206
9601
7555
8173
1507
3236
7354
2125
644
974
7250
6077
630
2099
2323
3466
450
3239
6977
2003
3514
6448
4390
9261
7984
9744
1554
8600
2420
403
1104
1442
3101
5236
170
5435
811
4500
1007
1129
490
5341
1140
4557
3704
1699
8409
8789
890
5245
3294
8019
828
5779
6933
4030
4489
8440
8473
3335
6858
6154
6944
5647
1394
6359
7725
1335
8297
2771
8985
7912
1526
4247
4755
7669
8067
1884
9397
6045
2220
57
4777
8853
9960
2536
3020
6854
1836
5743
626
3042
7580
7134
1466
7309
7251
3285
5331
1497
9748
584
2943
4003
8434
9701
1959
9245
413
6293
9791
4379
4126
6802
2236
4737
2870
7960
8195
9292
7378
3326
3955
9777
1073
2071
9446
1988
6648
1188
5028
7994
4374
2348
7849
2688
5700
271
776
2333
7023
3207
4640
4069
7802
97
6174
7888
7709
2394
8547
4666
7202
1117
4103
2044
6178
8796
8973
844
3227
7965
5785
7648
5429
7111
9216
1160
6549
12
4463
6429
2065
1082
5071
2693
406
6653
4023
1432
9446
6359
9010
2967
3366
7299
867
5868
2391
854
8678
6173
7666
2535
7961
8197
2362
1328
331
1140
4637
9541
4899
5781
7595
3013
2756
3425
3370
367
144
3251
5401
2247
9531
1483
4964
9384
6513
5415
6024
892
3274
2031
9383
4842
9916
2127
8669
8864
6098
2715
6196
2194
9197
2781
2485
1201
9912
2275
1328
9998
3056
4903
3550
5393
8899
7567
4293
7606
7464
2374
6812
1735
8016
842
6528
4160
8635
5608
8502
8222
3662
8804
7889
634
3091
7342
6262
6325
2066
849
5951
1491
6511
2702
4221
7469
916
6937
5153
5986
7072
6578
4076
847
8704
3398
5990
6943
797
6790
1132
5315
9014
7929
7886
3013
7551
5822
808
2634
826
8053
4878
5654
118
3871
93
324
997
914
80
5111
8386
8145
2257
7563
4450
7787
6160
1743
10
275
8185
7927
5922
5905
5857
1276
7705
8263
5889
87
2809
3926
1718
6014
8716
385
7272
8750
4030
5346
8649
5514
5845
8109
8145
1395
7679
7698
4168
5369
9579
9878
6403
1248
7003
9684
211
5623
2839
6687
858
7749
3478
8572
7119
4356
4073
7902
3140
1106
2056
7218
8102
7062
6353
6716
1956
9264
1358
6881
5876
117
6967
5863
4883
3417
7111
746
859
45
4707
2336
5722
4859
3305
4927
7697
1791
2117
4061
8506
1465
6586
6344
5485
641
3743
664
7956
2730
1767
226
1421
2074
9334
478
6145
8904
2721
4475
915
9559
6453
5665
7307
2530
4378
8759
1571
2152
5705
2950
9297
3003
5212
2606
1047
9859
8774
4167
1063
2456
2963
9915
4139
6656
5232
2419
3988
2358
5310
783
6065
4668
3683
3577
3091
4818
1026
1436
63
8599
7388
5105
3795
1839
4375
8714
9308
7653
3598
9587
1319
7587
617
966
1638
6465
1214
6830
1174
3066
5208
5182
6895
7973
6167
9426
2907
2114
9192
9926
1531
9779
6647
5814
2630
429
2754
8518
755
7983
8368
1267
8346
835
5409
6761
262
3426
9687
839
1741
493
518
1552
1027
9257
3368
5779
7243
7755
7061
5725
5840
2596
9889
4045
4323
9710
5109
393
7382
7528
1858
5535
2424
623
1332
750
5090
7726
5524
8022
5922
438
2656
1069
7589
401
8911
9956
635
9716
4431
1465
517
515
7682
7982
2514
4186
9513
1082
2683
2297
2543
9631
6187
7247
5689
6444
9939
3339
3292
3939
765
9950
3583
509
1679
6005
3347
189
8274
614
6112
2611
8436
8024
290
2258
3195
1304
7349
7395
3355
6553
5820
8315
7386
2876
3560
1259
129
2497
8951
5062
3973
4109
8570
2249
2664
9996
9692
6694
474
472
5760
7457
131
5098
442
3487
246
5921
545
1739
5902
2817
6787
7259
3356
2622
1641
4370
9716
1225
925
2616
68
9242
8970
1495
343
9023
2354
6135
5433
1187
2038
7132
7644
1042
3953
7502
9898
1996
1573
2122
7260
169
1931
4119
4858
6236
1637
6091
4260
8267
9031
7039
4224
5245
1141
753
1557
3525
5438
4392
5400
7598
9690
2829
53
5112
175
1048
736
3666
3450
6616
8636
3176
2972
5767
2236
5343
5795
6797
8056
4462
8316
2453
9506
495
293
893
4650
503
9975
9329
8815
6418
4004
4106
9639
5891
4317
1155
9232
5242
807
6125
9975
198
255
2756
954
8974
2444
2465
4137
3371
2452
2192
3026
6936
9410
1157
1166
9676
3926
9723
933
8999
9116
3357
7417
219
4050
3001
6978
7373
517
9921
9957
7852
9355
388
8827
3570
5991
6365
4271
5113
4808
8810
5320
2223
2018
8079
9688
7325
2177
1868
4900
4100
1403
5805
1445
8729
3974
3744
686
883
5531
4572
8766
9314
7241
416
7096
2979
3084
5674
4498
8065
3983
9609
9276
3117
3263
1029
9233
5217
6546
205
8978
7890
3321
6737
7441
7541
82
2530
9419
9539
2113
2247
8090
479
575
8273
1050
5688
1987
4864
4058
8858
1665
7271
2901
9322
528
2206
8626
1681
1313
6695
6552
1176
3404
9811
3702
9334
3597
9414
7362
678
7071
712
49
9340
183
1373
3863
2057
5973
8471
9230
685
310
7531
6556
6877
7278
4946
7121
533
6612
6976
590
6639
7966
1514
1724
9509
9903
9204
1051
7347
7758
568
2106
1073
9353
1886
2135
2623
7161
2168
6728
2226
999
1501
8489
4766
7520
7113
8246
4916
581
8674
252
2671
6630
8398
1739
5561
1313
3155
446
1699
4837
5248
3854
2949
5531
7354
980
2562
2679
6153
3070
1488
1740
7813
9300
9382
1342
2171
9803
7927
5516
3092
3209
3999
9565
2615
5482
7707
1529
8973
2323
8829
7820
8246
7461
7728
327
5611
4468
4457
5736
4532
745
3663
5771
8779
4709
6221
6608
4720
7254
4757
5103
749
6095
8295
3018
9149
6195
9954
5026
9113
5810
2938
5692
1428
8295
1963
580
5400
6257
5533
2851
8703
5441
8809
4958
5927
8323
954
7263
1120
8641
551
1032
6919
2356
2336
1013
5816
3084
7335
2129
4175
3458
1170
1820
9488
5996
462
4523
7449
2353
422
1088
132
9885
9699
860
2769
567
6662
5026
6099
5202
2549
846
7785
3329
5842
6422
8800
6862
3138
96
2280
7404
7004
1812
7188
3403
1824
7315
8934
3884
8395
824
4186
8311
2904
4733
6497
5289
1064
7698
2753
4145
7942
7322
1515
2701
7636
4358
1582
6977
7210
1414
7994
4904
6865
125
7655
3165
138
1044
9014
2636
596
210
7993
5381
3246
1994
3519
5921
3753
853
8706
2488
482
7395
2725
2050
9487
8780
3240
4380
4888
2731
2334
5566
4584
1757
1313
5594
8819
7495
532
7208
3882
9014
7048
5568
2109
7754
2227
1015
7265
1686
9951
7677
482
4929
8015
5302
2266
6960
5687
1529
5299
2088
2764
2421
5866
5023
4186
810
6772
8146
8309
6855
1445
6476
5217
3776
9134
1286
7462
7010
3239
6858
8078
1434
8206
3484
433
1506
7022
6715
6436
4078
8596
9988
1501
9783
3822
6008
3433
9365
3925
3103
850
418
6652
6221
891
4716
9449
1556
7742
2700
3491
4651
4745
6981
477
8013
6707
4830
2211
3636
5829
1956
418
6631
1671
8154
6205
6882
7976
1618
1229
7702
4179
7393
280
6880
3598
3534
4741
4462
9109
1995
7247
1120
4438
7975
2376
5931
1086
1794
8160
2163
1508
3827
8502
842
3924
7623
8174
356
5103
1131
660
8670
5232
4092
7744
398
2930
9644
491
2828
1281
8392
2832
2865
7247
647
8310
1582
8728
6806
2606
1745
7783
9858
536
9444
9818
3398
9530
2455
7700
198
755
7967
161
250
9101
4798
8543
1199
4898
6404
7660
1578
1521
8102
6090
1663
2640
6239
9546
9393
7924
6213
7960
6187
3535
5117
131
5806
249
2513
1488
5388
2
3409
4335
2420
9047
344
8462
7855
2723
1872
9164
5291
9224
4520
3953
9189
6286
5333
4365
8669
6666
6103
6478
452
7235
8542
4853
297
6642
7644
2251
2005
8984
813
2336
579
2453
4452
3541
5236
9749
2840
395
1153
3725
1423
4955
2898
8423
1225
1527
4400
3258
6336
608
4566
7934
9022
8730
7437
3502
1040
8605
1320
8238
4618
734
8749
8831
1243
7469
3237
17
2610
2400
8677
2985
8657
512
1198
4787
1505
7522
8707
2298
6839
3224
873
181
5557
4649
147
1956
9204
303
6110
396
4496
4239
4378
2334
9220
6767
4955
1359
5880
8211
9727
9603
1080
7640
4001
6604
2391
6356
6061
4722
852
4493
5989
5091
9612
250
9235
3309
3648
4391
656
808
1512
5085
7268
1754
1895
785
527
2630
9809
76
8519
821
5163
3419
7187
6119
9794
5719
1592
9947
463
2951
801
6493
4042
2389
5093
3504
7500
751
7972
1389
889
1951
9569
3290
6093
1709
3287
5406
1254
6690
7157
1284
2387
3297
907
9375
6555
2514
7242
3725
1
7198
6631
2014
8631
8834
8768
5894
1665
2093
9810
9537
8619
2732
8555
3319
4717
89
3611
3361
2926
432
96
283
5847
2786
8514
665
2441
2860
5612
4751
5409
1434
1837
5836
91
4873
894
5703
4822
2267
9428
9213
1014
6238
6616
7321
1215
6543
5077
8421
1073
3963
2449
7279
8111
2998
400
8080
9684
2095
1654
3593
4872
5460
3516
7631
367
9474
2757
1098
4499
2416
8816
7096
2387
1564
6800
951
4044
1750
2763
8002
2263
8092
3376
843
3363
645
2925
7962
1909
9234
5440
5461
5421
9138
7500
5329
26
821
5230
6583
8768
3747
8704
1963
1209
1486
6205
1737
6043
4757
486
6081
1065
2843
5461
9717
6332
6967
1185
447
6899
8045
2161
5737
7400
5165
2820
3415
6565
9082
4304
5143
9014
8606
8554
5309
5649
9692
2582
7384
2292
7446
6334
2121
8974
2992
3640
7285
9521
4341
9011
3929
7670
5976
2131
4445
6161
1837
1086
4636
9942
2570
3861
3330
1628
6632
2103
2423
5266
158
1570
3004
3952
4528
1595
4915
6110
6996
7968
7108
1514
7973
7277
7821
1398
2459
8012
3482
8673
7515
4336
5525
1511
9883
131
640
4619
5833
9054
6848
2084
5004
2858
2812
8261
779
4597
8743
594
2525
855
9082
6976
5905
7285
5333
2188
606
7589
4919
6911
1693
3347
8109
624
3302
4468
1207
3770
4281
7849
8689
2287
6639
5094
1201
7470
9343
4099
3372
1937
3700
9827
1582
42
6239
7380
7929
5535
1050
6534
8237
8931
1165
8703
970
6951
1556
574
3810
8177
5648
1198
3538
1756
2845
974
9970
7136
3428
8671
3435
9347
9394
7533
6553
2000
5449
9105
5329
7703
9797
2870
2020
566
2786
5884
948
3702
2588
41
4631
4712
3670
7782
778
530
8927
8313
5560
1669
4610
79
747
657
2158
7277
8882
9147
69
1046
6580
8045
3144
9743
563
6495
7315
5713
3140
2709
6325
9583
7263
1864
451
5017
818
8346
3870
5584
6282
484
1761
8828
6453
7234
8223
6410
866
5554
2237
2217
6218
1144
1068
2647
1731
6406
7274
3911
1970
9962
6377
8263
7169
7592
5392
4591
2321
1866
8640
844
3394
9077
9354
2461
7184
766
4111
2941
6672
4141
6920
8675
7036
5745
9991
2199
4635
6067
9086
8774
1813
9455
8335
264
7221
4241
6259
4159
7744
1916
7886
2803
7253
721
7459
6188
8901
942
4485
2767
7877
1141
9150
5212
5618
286
8323
2439
9188
4559
6471
1798
6374
1035
7006
7659
7701
9161
3653
2883
7798
1783
1009
4221
1165
303
6213
559
7516
1609
8761
5830
697
7792
2327
5356
5107
7369
918
8687
1014
1505
5981
447
7612
2551
8112
2104
3526
3018
1007
5889
9756
1684
3856
4052
306
2183
1353
1023
5500
775
34
1034
8755
1417
2683
1371
8600
9289
9082
9686
7608
7074
2536
9225
8512
7706
7660
375
7027
9788
1815
5346
842
458
3186
830
1723
9570
1445
68
1886
8912
6154
8565
315
8181
6514
1488
8520
2503
8870
6534
3874
7513
1120
1371
314
5436
7034
9903
2402
6757
711
6622
3143
2177
6049
5445
8177
1751
659
1686
2889
653
3112
2029
3819
958
5716
6516
5548
5930
7250
2677
2125
6846
6781
3326
817
8837
7906
4937
9563
1759
9621
3820
1468
7842
404
6671
1532
3022
458
3068
9590
7557
7189
7388
9577
2539
5017
2159
8619
9882
5941
2220
3777
2409
5703
1338
541
702
2860
381
9223
3170
539
854
8880
2612
3427
5636
8290
6528
6209
5680
5788
881
2807
2952
2541
2420
4745
1161
3230
7136
345
6082
5957
387
1366
2087
2103
5214
6465
6259
3342
5444
2128
6530
7772
8575
4278
4126
7902
7652
2274
2488
6308
3272
1911
4922
5072
1714
8060
5002
3133
1858
613
8609
4898
9203
5618
3756
839
1790
9735
2179
7447
3583
2044
2233
3255
283
5797
740
8918
6162
2452
2429
2533
2610
7357
1849
9705
2076
5419
3897
335
7915
5041
959
4239
3362
372
1571
3108
1236
2903
2869
2779
362
9079
2547
9770
913
2808
4733
7299
4067
9535
407
4104
8167
3985
175
8081
5707
1180
2336
637
8864
2213
2181
7797
678
370
8418
1831
1290
5417
944
9681
174
4857
792
4476
1640
6583
4946
1948
2221
219
1134
6149
8912
8620
5922
4784
8117
1465
8005
3630
5195
8858
9211
5724
2281
3190
9762
2647
2152
406
6909
8674
9650
1066
4559
8326
9497
7610
8107
5338
2027
1264
2521
3123
740
6228
3003
733
5364
9064
97
1627
8787
6454
5801
3883
9843
4774
1499
525
5413
1284
8084
2150
1502
7762
178
8832
3979
2825
6064
5652
2658
6726
1217
4971
3707
2067
450
5329
6815
1299
2075
3499
3984
2930
9127
10
2810
1132
1029
5921
2361
4077
9677
2676
7290
5065
7175
3457
7046
3917
3016
2947
9372
7333
5374
2660
334
9535
2415
1539
2383
5552
7837
1911
4827
5431
5948
6483
2248
3871
7255
314
1212
5096
2016
7460
815
8695
4887
1762
9282
6252
1052
4686
736
2805
7416
3719
4532
9554
2633
8044
827
5881
1085
5014
3979
7547
8146
3083
1460
1894
7818
1745
9878
4332
548
5583
9188
4436
5849
6026
968
8880
4613
2975
8630
6767
199
1163
5445
3955
8266
2627
5915
5333
8724
1985
6568
4855
2719
9773
5367
2475
1863
973
7664
995
5843
9069
1138
3672
4103
5090
9311
1135
3257
7323
7175
2905
850
9033
8074
6554
3288
3249
1960
860
9162
5792
7419
6612
1788
79
3896
1253
4499
8086
9106
3508
3587
1813
4863
620
2423
3281
3983
7731
1664
1884
7642
7740
771
5161
5417
3150
2332
2510
4889
6710
2311
426
5515
6825
2592
1545
3055
2860
5113
5894
4594
6743
9053
2352
181
5094
2322
1488
6049
898
4100
5450
775
7857
1792
5634
1869
457
6846
7649
5638
2731
4051
8136
4000
413
7493
9748
9397
1368
6288
3763
5290
7556
8168
6630
1916
9744
9584
8855
3499
2086
1019
6988
3399
974
5554
333
1515
7170
1701
3315
8455
4371
4533
4961
8483
4282
1201
5976
16
5377
415
9317
8209
6483
9214
766
6506
7280
3193
2781
4024
886
6927
107
1185
4877
4129
4625
2605
1201
1355
8795
8133
7142
9878
5198
8731
7319
3549
8924
5322
9087
7551
3973
5600
6044
5589
7216
5401
6016
9173
9994
2237
9946
6982
286
2045
7412
3860
3207
3082
9678
8150
786
5543
2156
4942
4167
1440
2092
2257
6392
4571
6762
4792
171
8333
5207
3046
6917
592
7095
6747
4408
2452
4522
5928
3182
2740
2029
2596
3494
7819
3410
6783
3391
4870
589
8853
3747
5771
385
4629
6358
6490
3802
738
3070
5283
4924
7993
4373
152
28
9412
7564
7604
157
9167
9091
573
543
4154
9463
8614
7955
4302
2587
5304
1985
6707
8538
9506
3197
8624
4203
4191
136
4421
9927
1175
9827
3654
7031
8232
8857
6633
5425
8630
8845
1682
2948
624
9298
1084
3345
1429
5322
5643
1758
2119
3185
5103
9701
2896
747
1788
7186
5794
4058
7448
3485
8739
3764
3909
6980
1224
8757
9375
8813
5089
6258
9112
7098
6822
3006
211
1165
7456
1199
3629
1695
9435
2163
9378
6652
5882
2464
6783
9969
2732
9465
9092
7513
6558
2568
4989
3715
7137
4968
7345
1272
9005
50
1146
1292
3638
1979
7094
4435
3741
6027
669
7830
843
4193
6372
2598
9802
8693
4162
4624
6980
318
5665
6802
1216
1285
8247
8605
8985
5562
1750
139
6562
7094
3664
9923
3320
6593
3263
8458
8102
3924
1523
236
8783
2913
8893
6236
2919
66
6829
7864
2130
640
2215
7169
690
3109
7387
3193
5867
4211
5301
1006
3641
710
2130
2022
4196
56
4516
2331
1443
996
4375
1929
1775
9261
4021
2821
8729
8127
2807
3809
8479
5590
9758
8221
2651
1518
6769
896
7420
4651
3911
6024
281
666
7127
1262
7907
3944
2622
3405
2666
2561
4225
2260
3347
9771
4804
5866
6585
3637
8010
1218
3474
7626
813
5055
6163
6442
337
8074
9366
8986
7764
66
6218
1483
4361
1490
3868
4361
853
57
9301
7621
6729
758
5876
9349
5793
2675
3838
6570
5164
724
6803
7571
9406
9327
5523
8720
7154
4654
5200
9385
8548
7331
8117
8591
1886
1195
343
1315
1217
1687
6876
7159
7126
7127
3978
194
277
6039
9232
3352
422
8670
7003
3544
1063
8180
6418
3943
4173
1813
1730
846
1150
276
9569
2176
2879
3505
605
9343
4457
5949
6773
8607
5777
7406
6651
2874
3048
2542
8440
5157
9520
7737
7616
4803
1745
2551
4232
4153
7930
4294
6309
1202
4732
6844
8326
8868
1171
8955
1237
1347
8358
9830
2842
8612
930
579
7905
5253
4866
2562
6829
6843
3314
3549
8269
5131
9987
7167
1277
3373
2849
7018
5136
9422
7188
1540
4605
1749
7412
9954
7672
3064
1136
264
8626
3040
5953
271
2291
6331
3530
4728
3927
6944
7779
3601
4663
2216
1991
2245
6794
2075
8474
5080
6651
9000
687
2660
2781
3114
136
1853
348
3063
2511
748
9062
9738
6566
7514
3210
9636
7274
5931
8959
4286
4013
29
7512
5506
995
1793
6950
1643
9469
2681
911
9034
5061
8451
4158
7242
5769
9109
3019
5511
6475
8569
1549
4698
840
5211
1836
9832
8600
9617
8076
3068
998
7914
6375
8353
8976
3610
7610
3749
81
4197
211
4219
5485
2025
9737
2095
317
6353
8284
1871
220
9272
7647
1432
4736
6443
2660
1647
1517
4722
4358
7778
4535
8672
5820
1405
6646
8216
6029
3745
7983
8643
1231
9314
2033
6447
4677
2080
7677
2858
8216
4745
745
3888
5844
9900
9334
6161
7943
2641
6001
6743
7814
3816
1079
6662
6496
911
3453
5460
4695
3431
7663
9675
5660
7449
4583
8573
1066
1893
1328
5304
2038
6796
2715
2778
4325
3743
834
6726
1567
5974
3532
9431
2610
5798
2208
885
5130
3181
7581
678
4720
3824
1497
1127
2961
1815
1752
1819
3456
1606
8176
2242
5678
752
7834
4558
5433
4119
5020
674
9651
7639
7093
2028
8149
324
1848
7748
3459
5664
1485
2997
9681
5154
6980
5932
4214
8436
2588
2319
7792
3275
1939
2401
2217
4940
3774
8867
1208
3101
1099
2412
7163
6458
5637
5867
2452
442
9048
2764
9297
337
6358
2570
81
6870
6730
2741
8275
8936
8714
4
6945
3708
6994
9148
6974
8826
2479
833
7851
4746
2329
8220
2384
4089
2388
2239
3241
2880
5208
1621
3774
310
6592
573
584
7637
5713
3768
1777
7771
2188
1360
6252
626
4533
492
1349
865
1860
4913
4025
9556
8156
92
5833
5018
1002
1757
699
1886
9616
182
5794
3225
851
3669
1087
9797
4018
6941
5735
2229
9336
5596
5207
963
1940
1848
4518
6185
1334
1051
9786
4485
2077
6353
2414
2103
7711
528
3634
5388
9448
6183
339
624
2071
7850
4573
448
6853
2061
7870
9662
5223
5711
7468
6408
646
3273
4506
4443
6286
2982
4887
1235
8243
8278
2040
2727
9179
1214
6087
7763
5927
9234
171
8581
6387
7365
4794
364
7313
9104
285
1326
3649
8497
1923
9562
9973
2230
9880
6429
9137
2699
8775
5192
5928
1776
5166
8177
3573
9199
3489
2601
9239
4652
9666
4303
1441
1950
6895
9539
848
7149
2860
7469
7150
9004
6083
7775
7127
3592
6985
7464
2746
5986
5058
3723
6754
4634
3864
4271
3334
6428
968
8248
846
4096
5438
9526
3607
7900
179
7180
2488
2685
8787
5012
2534
534
7156
9312
1669
1335
5475
1236
9776
9650
1505
5107
7466
2042
2446
7960
4102
8637
581
3958
2869
9396
185
9889
3534
2536
9182
1711
690
5143
6267
8169
9808
5719
4814
7190
5510
5146
3856
7034
3322
5987
1115
7914
9928
2136
1305
724
5789
1513
1311
973
5315
2560
7146
2794
2301
4201
7064
771
726
3060
7883
1221
3253
9912
121
3640
1220
3818
5640
4208
753
6622
5512
6087
1124
6622
6913
7947
4274
5609
1838
4212
7778
1933
5642
9544
3566
6728
2218
8450
1292
2379
1227
2353
5885
9488
1070
1805
949
3550
7649
7712
8173
5899
1553
1090
390
5681
7980
9541
6943
4196
9467
6114
4968
8803
5535
1507
8647
508
1660
8051
7899
3685
4436
8739
2224
152
5349
2351
1971
5183
21
2560
3190
7489
7484
3603
4949
3067
4836
1018
5450
8803
9501
7265
2254
9097
4468
7348
3137
4190
7636
6558
1181
7737
1725
4229
9990
328
7572
6853
6676
9732
6204
9370
2147
5017
1251
2450
4378
1012
5584
3490
1884
285
8636
5768
9052
3383
6158
9633
6900
214
3788
1244
5192
7169
622
7198
3942
9463
9285
1639
5345
86
188
1589
126
6970
4958
9511
3374
8084
4408
3669
5373
4987
496
3407
8202
9639
407
5459
232
6507
3451
1987
8037
2018
6432
7158
4809
6334
1727
3949
609
6541
9279
1032
8173
9021
404
9275
4518
3025
501
5564
1012
277
1170
1182
2127
478
2022
290
3237
326
9657
4492
8475
9734
7770
916
4823
9668
4763
8543
7454
6800
1324
4045
7145
6170
1853
9284
9981
1990
1902
1549
5403
7314
8137
3773
6677
5927
9123
2423
6450
1646
6831
7071
4852
9637
9332
8114
4952
7522
6256
1093
5982
440
252
5339
8330
4440
9425
5227
7050
233
4427
1297
3880
5515
5806
6148
8978
648
5911
216
7448
7004
9092
5557
8934
1222
822
6759
4900
3440
5462
2023
6954
7212
4998
5226
7287
5343
8473
7545
3668
8723
2741
8385
3284
5319
8280
1419
2351
6713
9897
3167
7008
1191
256
4996
9307
1394
3561
7691
3106
4757
8565
2669
714
1509
3346
1314
5546
6952
8508
356
7364
4763
3747
8147
9191
8191
9359
1914
6932
835
833
5298
175
7256
8300
1350
2441
3393
1108
1814
2284
9833
8678
6351
9958
2362
3624
2347
8905
5595
8738
6998
786
8602
5965
7057
3145
2154
7003
1946
744
4366
2856
9003
3504
7575
895
5329
9928
6170
8640
2864
1112
8054
1376
1142
8037
6212
1937
1597
1901
8623
2532
5557
1702
2359
2924
4418
961
5185
3333
7809
2469
6065
5109
9504
6746
4475
7105
4095
2946
549
3571
2946
9775
7057
3627
3256
657
4138
6004
6241
5038
1645
2953
5035
2999
5563
4231
9597
9961
4587
2932
1176
2065
2101
48
2091
3924
2380
3995
6790
6094
7532
4936
4226
4424
8277
2096
895
5872
4629
5786
7981
324
9597
9993
3647
2686
7917
2806
7564
663
8690
4544
9544
8453
3281
3442
3187
5031
5668
4484
704
787
7220
9540
1705
8253
1399
7606
7009
6859
813
89
4122
4038
7366
7805
1592
1124
5462
9346
3350
5092
1307
6610
247
4601
5054
4370
3744
7099
808
3956
6180
1866
7128
4737
8751
4884
2674
3445
2696
7449
3225
2731
7569
2894
9168
235
8288
6559
7182
626
3123
9544
48
1729
6447
1365
3043
9688
5850
7592
4227
7492
8938
5451
7709
1190
3261
7751
1068
7062
3802
8292
7042
1912
4056
3410
7476
8062
4062
9591
6700
3966
347
6282
6313
2197
9447
7488
1977
2332
8889
1013
1674
1563
2218
6622
5758
5643
7033
7948
4877
2832
5393
7922
2079
5302
2153
5307
5786
8987
6762
5942
5048
7230
1318
9076
6989
7239
9766
4068
6760
8551
7845
7835
9928
2337
172
4506
1009
2617
6397
9147
5118
2059
6212
2765
8329
9423
3258
9808
5849
412
7916
6450
5132
7131
700
7660
5525
238
9910
4551
2471
2368
3302
7267
5715
5678
1704
1656
7838
9943
6048
5454
2135
5744
6987
6059
423
1339
4373
6875
5978
1128
5500
7077
29
2620
453
6043
857
4274
6062
3042
7759
1120
8676
2787
627
1611
2166
4673
2494
5997
745
2475
8991
6278
4894
4469
2098
8656
5329
7970
9972
2392
2242
8901
1926
1498
3673
4201
5712
9355
9158
460
2519
5453
4679
3843
1746
7087
6126
9114
1401
5235
6386
92
5311
1285
9092
4242
2802
7832
3253
3295
5424
2386
4551
5355
1485
4875
7985
3613
6610
5186
3814
8383
216
2097
5928
8621
1637
8755
1832
9054
2854
2658
626
1383
1742
2549
2423
9516
3854
330
1947
1784
8182
688
5281
7758
170
8873
9379
7265
5560
2862
3862
737
7257
20
4333
9575
2199
7421
9517
7524
8094
6578
5025
3701
4421
3247
2479
1241
1215
927
1434
3877
653
4874
4809
7016
694
1228
9448
4107
5594
8712
2350
9340
1923
2573
1871
2363
813
3591
1395
1603
7464
313
8439
3133
6044
1786
4994
6562
1020
7710
3946
8752
733
5607
1656
4687
6569
1914
7081
4596
9071
4919
1542
2822
2670
5348
1655
9679
1426
7465
596
1796
1485
1569
5324
4505
330
735
3225
9439
5742
2079
7939
4319
112
4319
6324
4684
7018
2525
2300
692
5536
1667
7383
3239
7057
17
6859
188
700
7865
4998
5423
2549
7521
2968
4143
6487
6820
6876
1720
6332
8746
8541
9996
8731
1066
1303
3271
5906
2429
9659
323
9396
532
3335
5001
8356
1564
725
1289
1859
6081
8931
460
455
6962
1491
1576
284
2003
4867
4836
79
200
5408
3933
329
5601
5527
4600
1736
8768
4845
2920
7780
5555
3775
2098
8945
5518
4860
9120
9152
5865
3169
7235
5179
9226
6613
8908
2977
4100
9799
6413
4446
5008
6564
5787
6895
4602
1614
5174
7653
304
3609
9421
8840
9399
2296
1948
5837
7951
3703
4087
7851
6823
474
8427
8570
1427
4118
3139
5149
6157
6254
5353
4306
9515
98
1181
6984
1680
9698
9387
4208
805
4537
6728
7287
7192
1704
6013
8995
3781
1760
2567
8715
3797
7285
4606
9884
6757
8159
1076
105
920
8034
1217
9171
6143
2464
7245
1866
136
8061
3981
2130
7349
1812
6018
553
3759
9561
1950
7481
170
9134
5208
1833
8554
4793
1458
248
8950
182
5497
7709
6989
5385
4220
7656
630
183
2609
6605
7436
2502
8053
5715
330
2450
1667
2632
5315
8801
1462
7767
5893
1529
3090
12
7023
7872
4256
967
2289
2772
680
3312
962
7773
5860
6858
6488
9840
1874
2826
739
2501
1355
506
6219
3531
2322
1305
540
2650
9679
6502
4735
4713
7100
2621
2059
7841
1695
752
2667
3042
6874
6058
3601
3877
6591
208
3307
9153
3912
7641
1366
3986
454
8384
3729
503
904
7079
2275
5243
1311
9438
9327
54
1328
52
6214
3540
2057
7420
2685
9239
1367
8884
9826
1592
8151
1315
1225
3140
3563
9185
7564
7637
5344
8636
5954
1646
7998
4248
7519
5467
3423
5270
7309
8984
4132
952
8968
1953
3204
4499
9328
9674
9110
214
1483
2496
8466
5658
8154
2416
7171
9387
45
582
5599
7959
8233
2536
1226
3668
1272
5892
9271
4566
2401
8535
7073
7761
6730
4816
9193
1852
7356
2725
7633
2263
5654
148
5049
1662
3620
428
9815
5662
913
861
5916
7688
1979
9885
2485
1684
1622
1069
623
5304
4404
4108
1519
5640
67
314
8128
2288
4839
5135
7662
8272
8042
7324
7763
6855
4929
6226
5312
1987
4737
6802
6111
9336
1922
470
4102
5664
4658
6462
8206
97
5357
5629
6501
4613
9244
3077
8769
486
395
9247
8662
5272
4048
6016
4362
8940
7160
1689
1750
594
7476
7646
1120
750
3333
3897
2679
3999
7859
5055
9566
6204
8916
1395
8093
1887
4219
2490
2228
1303
3183
1935
1601
3016
8766
1896
7716
262
1474
8761
417
7506
4787
1847
998
8259
4796
5375
3550
1641
8402
6280
7365
1055
6514
2535
3869
6767
6346
8850
7504
5930
3980
3974
8951
584
8687
2620
3050
5036
5110
4986
9641
4235
2020
7078
5386
1759
2672
2945
3556
3496
390
3249
2156
3954
126
5775
4606
1276
2209
4435
414
4040
3033
668
9151
5311
5528
5061
708
3191
316
740
8181
1623
8689
228
7348
6857
4936
4709
8273
3793
7623
1059
4075
1614
576
5141
8120
1231
7015
3510
2966
1640
9438
5689
2146
21
9635
2537
1690
990
2652
4767
4606
459
4002
7399
9532
1034
1804
4373
9245
559
2525
6788
6681
923
3697
5791
2658
6240
5667
1252
3984
7683
5603
5541
9385
9635
3815
7585
1043
4874
9295
3107
7916
866
8557
8377
6938
6409
2341
4008
5055
1768
2753
5661
352
7872
1400
183
3510
1398
5536
4820
7412
225
4481
9561
8281
1793
572
9190
4473
8690
4124
7400
4151
1218
8188
465
5222
5279
3386
213
4720
1956
2890
423
3350
5862
3373
6372
4698
8362
5379
589
2313
265
9567
9915
7757
2390
1035
5550
5570
8159
5404
9350
2551
915
118
6342
2391
9044
5091
726
7065
2220
8912
3032
6292
8468
921
5245
8983
7043
3654
4153
8408
676
7670
4372
8236
9419
1563
9618
4743
6409
1941
1798
2164
382
4036
1746
6038
2047
3688
3346
4112
9144
2028
3594
4914
1139
7587
6060
5093
5609
2977
319
9465
8969
8908
765
8877
823
2676
2491
5823
3975
4785
4878
6933
1066
8253
7788
7179
504
3186
8705
9389
4799
2069
2499
5608
6730
5763
2600
8796
8790
8426
4807
9908
2833
3947
2524
2041
1107
9055
16
6692
6034
2136
4328
3379
2673
6313
3100
6414
8040
904
267
2394
3354
4099
3821
1581
2738
2849
2553
9059
9568
9243
857
2049
1827
6763
5914
2664
3031
611
7256
1420
5169
4432
5946
1222
4232
5921
2762
6695
2919
7475
7096
9661
1696
1807
5311
3931
4067
7862
2599
9124
6415
8827
2621
7784
152
4642
32
3346
5914
3112
2957
897
8605
5427
6670
4454
4729
1707
5534
4397
3580
4074
1088
3696
506
6880
2241
8872
3028
2057
1626
965
9900
275
1771
4128
7720
2650
2341
3727
1797
327
614
3897
8205
2185
7962
266
2476
8002
2160
9945
7568
5189
6971
2969
4255
6862
8026
4973
3806
8307
1979
9759
3311
1913
891
5986
778
4699
7600
2182
9279
7414
1867
1549
6010
7848
2424
124
1273
523
5368
4419
5370
5852
5073
2992
136
4529
6372
1457
760
4491
8208
490
3727
2391
4549
7846
2982
9707
6171
288
5217
9232
8644
5636
5932
570
9951
6994
8710
7456
8798
6787
6579
4408
8555
2479
7437
6818
9126
1598
7355
4569
3858
4109
6485
3893
993
4852
5398
5444
1245
6661
258
4794
6553
1992
6522
4582
6039
7045
3406
3912
843
65
963
2512
7871
1645
8165
7592
2888
7626
2766
3045
3609
7538
712
4458
5992
1731
6495
4685
8846
5885
6075
46
4882
2639
9277
7429
1784
717
2231
1931
3573
3460
2929
5132
4614
4977
5353
412
706
3055
8042
7736
2206
1967
9329
7358
688
1101
9388
9055
3366
6816
7059
6163
439
6418
4796
4430
8346
9953
8618
4946
3813
2998
7061
5013
3209
164
8592
229
9309
4819
3335
7001
2759
1789
7975
4489
9282
7928
9059
721
3725
4278
2467
177
8176
57
3856
2521
2485
9899
8718
4388
9300
5357
7048
8210
8142
9166
2963
4459
2943
9438
4508
2512
2910
3972
8851
5748
4119
5069
6204
9627
2747
9062
8739
4353
3333
2636
9104
5342
3793
9969
8011
7545
2520
6802
3986
6859
6735
9911
105
7446
9537
8554
2065
9254
1434
379
5180
9654
9525
7732
5088
4565
7784
1769
1642
5114
9295
3890
3365
6454
7462
1084
7467
6938
9643
8716
9146
873
1907
1830
1611
7695
3467
4461
2848
2754
9938
2684
1211
1655
6278
6244
8455
2104
4556
663
5201
3045
1428
373
1334
6120
5980
7364
9076
9246
6052
373
8441
3475
2177
5860
6705
3405
1094
6273
2174
9084
96
5757
6680
2432
9905
3287
5384
2123
1615
3816
7231
3960
4318
9291
652
6221
2971
9969
8622
8077
9114
6163
6887
1201
6131
1674
9026
2472
7992
3756
4470
396
6411
8743
650
1287
4077
2195
2363
5046
346
2499
3805
5069
4531
7437
2527
9180
9356
3258
2914
3968
2647
63
7979
3900
5184
2141
4310
1417
651
6263
1565
6619
1755
9522
7674
9991
9988
5889
8826
7378
2195
2258
9250
508
6781
2258
6646
7965
1653
8632
7016
9918
6914
3937
8781
1963
9120
2712
3782
1991
3078
3801
9934
6528
1832
4710
3327
1701
2509
2409
3307
3398
6980
4603
4455
1339
6066
788
4570
6088
4751
7924
7015
4783
4163
4769
9302
3558
5019
3730
2458
2874
2960
3196
3455
6676
6874
9659
6978
7579
5728
4915
8982
3466
115
5319
5796
1092
8300
7945
9730
5910
5299
4
2791
5419
322
4663
1422
8469
5561
882
841
1371
7203
4694
3416
1390
1017
1224
6251
4640
2949
1686
1972
1255
1546
622
8976
7454
8610
1003
2967
2030
6616
2480
5250
2843
6071
8074
2732
1489
9026
4753
1532
5553
1926
5360
2979
6614
1229
7766
2561
2365
6692
1660
268
2676
9583
9303
9652
9506
1340
2352
8064
664
6549
8930
781
2230
5770
7347
1625
721
6526
8503
7083
6580
2465
2914
2709
3300
9006
845
2812
4393
8693
5051
3735
8025
908
588
39
1559
2818
2273
7910
5804
8548
4432
9571
8453
2995
4411
2204
350
9237
2956
3837
3612
7835
7428
3353
8481
9748
9061
469
6828
1600
8268
7949
5375
6728
5203
6146
2085
3051
629
33
1987
8892
5571
8362
3310
538
1847
3214
2334
6704
5976
4698
7202
1806
1325
7524
9732
3383
4213
20
9934
8350
7303
4821
573
6618
2613
2236
9253
1265
5174
2136
2597
2228
7667
6618
8300
7640
4594
807
9179
8533
6930
2523
4829
4594
7687
2481
5174
976
5143
1440
904
21
3267
6440
8315
5756
9322
830
2621
8668
8778
3796
3256
502
2008
364
3540
5523
9939
238
5005
7165
8388
5032
9206
93
9176
2886
9005
3653
1121
1266
1089
9678
5161
5069
1074
3845
2265
5471
1447
146
6666
300
1206
1257
6922
1112
7152
4628
289
9708
3402
641
7188
7128
6132
9720
3577
811
3203
2608
1228
4290
7073
2370
1570
9309
4632
7261
9884
9032
7451
2572
9182
7737
8694
7637
3936
6933
8647
6308
8709
2056
2348
9831
6139
3044
2175
3035
3794
5737
8592
167
7744
6327
6833
9591
1732
704
8088
1372
4889
4337
3744
6498
4558
674
6817
2850
8852
4156
1697
9433
5079
4762
2059
1209
2320
8035
5295
7118
618
6248
8234
3188
4453
4217
2504
6519
4472
5437
1079
8218
5961
769
366
9996
3377
2784
1677
5705
668
132
7975
3789
9935
9948
1597
8542
1549
5614
7613
9962
4427
3871
9579
9662
1106
5825
1454
3080
3733
7100
9327
1600
3284
1505
4285
6515
8577
7914
996
5072
8193
3238
5008
1143
3396
7140
572
6733
2840
7549
3712
4309
3483
4775
9546
4876
4496
2807
2444
2884
1349
8390
6327
9220
5778
2440
7702
2557
980
1785
1966
8192
7898
5641
20
5246
3472
506
6368
7984
5018
2167
5104
6585
1171
4231
6672
5256
4615
2306
6697
1522
8734
4947
6119
3311
1099
6031
8672
4
6531
293
3394
5137
8833
2230
5467
3532
521
7159
5215
94
107
6053
4694
5196
5995
5992
7268
1753
5727
2491
4061
3802
729
9818
1592
7242
1174
5757
483
8254
3525
1205
7400
3276
7708
9989
9662
9880
5560
547
1123
6463
1635
9582
7849
5000
3275
7377
3726
919
832
857
9616
8212
6222
2388
641
1675
8364
3355
584
389
5380
9698
1112
1111
8276
5853
6148
154
9188
1525
1411
555
9098
5850
6865
67
7290
8651
3447
442
6130
389
9835
5223
7525
7753
2778
5644
2069
7121
582
1472
630
1123
7739
7212
257
6086
2630
2202
1591
3893
3944
1434
1799
51
967
919
834
1950
2677
5306
7628
9558
6421
1757
6533
112
6988
5475
3193
5302
7317
246
2933
7169
3800
2977
7643
5210
971
4784
1912
557
5432
8228
3939
7327
769
59
8425
2353
978
559
4535
3397
6935
3950
3031
6609
6638
8634
5840
1010
9021
7441
1063
5235
3591
2640
394
8766
5499
8644
574
4594
7598
8433
5062
4918
7658
6439
3096
4045
150
9617
7563
3498
6936
9920
6388
3493
104
9879
5617
7311
8087
3000
8917
4594
256
8800
9973
557
7470
3742
5890
959
8239
2377
2376
2785
3335
5459
1302
1385
3608
8728
8928
1404
3376
1468
6626
7188
6307
6804
2405
1058
2138
547
9974
9158
4716
8584
1045
8173
2301
9254
9596
2010
165
7685
129
1912
274
7271
7389
7838
8080
6973
6814
2452
135
9610
6121
8757
5782
8136
2052
5670
191
5690
1140
246
1203
3026
850
230
2335
8036
4707
7515
567
3115
5768
2610
9570
171
2515
9811
2534
6262
908
1305
790
1810
9603
1137
1305
9899
9142
7281
957
6021
3365
3819
1723
453
4292
3601
2381
4929
7665
4651
1645
7492
1015
5143
4784
2743
2962
8353
7555
4109
9635
2580
5844
3053
9686
2975
4500
949
9763
5819
76
7276
3794
6012
9902
9257
3315
1718
5869
6755
7260
2466
3376
2473
9092
6337
6402
1715
8432
9152
1502
856
2923
220
9961
6465
4107
2024
2000
5742
5970
7773
7348
5480
3619
4834
4371
1734
5830
3500
1465
8484
173
7415
119
2544
6424
4037
6307
1335
2677
2535
3279
4145
2204
890
7502
7160
2954
675
2052
1566
9629
2351
5038
7567
224
2932
4307
1940
8486
8892
9225
5370
9900
595
2938
563
6474
9886
8840
3995
107
1774
3407
8286
2110
582
9754
2232
1435
8729
681
1309
7498
2552
9569
9690
2272
3131
500
7835
2203
1629
1667
3583
593
3277
50
3913
5908
5474
5275
2376
248
3710
1877
6585
4312
775
4933
9691
7110
6162
8918
691
1682
5169
4294
7218
1853
2894
5985
4676
3869
6472
5473
8505
1523
1374
4678
3881
5660
7257
3811
4532
4982
895
7529
3481
3683
3973
952
5064
962
2053
2179
2728
9180
5249
9491
7501
8941
4326
9871
549
1876
6436
1483
7506
4316
2669
590
6285
2635
4412
6808
1577
1307
521
2516
9013
9368
6474
9882
2022
8025
8427
3656
8805
6802
6097
5138
8804
4793
6939
4584
9143
583
8330
5767
1633
5714
2355
4866
8076
5241
7139
9091
9997
1344
4418
9532
7751
6476
5595
7955
4527
3985
6411
1550
8672
90
344
5371
6912
2392
2116
3091
6979
1392
4450
3023
3918
7582
5800
667
734
6158
2197
6875
1034
9564
6293
1820
8166
4394
4147
6636
4682
9651
78
8444
6611
7789
575
1252
8520
3236
4186
4440
6175
8901
9187
410
6609
4136
243
1696
6875
8498
6299
6072
5143
1097
5560
5929
6026
1241
4263
6012
9343
5414
2603
1930
5268
5683
1470
9079
2307
5011
9348
2688
8917
1983
4118
2017
5634
247
7565
9434
9179
9644
1020
5059
9227
7885
5203
1725
9931
8336
3570
1403
9046
2324
7339
7377
125
5524
428
8235
3403
4991
8443
7970
2987
2710
146
3323
8905
373
2589
1440
5926
1253
657
8066
6640
2529
6688
2383
6849
4040
714
2289
6311
1011
2278
4536
9492
568
8641
6105
8919
5566
9718
3734
1771
7425
9200
7808
3550
6856
9244
5818
5460
5413
7761
7328
2717
2749
7812
6087
1044
2681
5367
9543
106
2764
51
5399
1747
38
5558
7000
9647
7017
6062
3973
3179
3978
1463
7576
377
8857
8865
6752
1725
4020
4213
6466
9242
5849
6553
2638
2381
2859
995
2036
1383
5687
3467
8039
9169
7432
9955
3856
1131
9207
3307
5989
9029
6183
8144
1660
7714
1728
197
6203
1498
9402
4613
8802
9983
7020
5527
9611
9090
9142
9315
4496
4774
1308
7205
1070
5798
2212
560
7609
7059
9890
852
401
8432
2129
4242
4323
2033
7637
6623
9442
7153
8158
2888
1815
2388
6576
7526
5127
6700
2065
306
6884
6896
7971
586
9191
4041
5346
5427
7820
1407
9168
6578
5598
6100
336
246
5685
1791
6639
8936
5053
1132
5625
5687
2682
353
7179
1677
3384
3572
1973
6037
3319
811
4675
8641
2103
9140
2076
8103
3744
1831
7802
7468
3286
9577
9131
3204
1099
194
3911
2568
4933
1473
8644
6217
5505
8062
6614
2820
6360
9200
6874
2999
7618
8801
2773
7203
8360
1934
5305
8690
7102
9667
3368
2379
4016
2007
44
8419
2844
8596
4213
7590
5985
6282
2788
5943
1318
5075
3321
436
2111
378
4584
5310
7755
9592
5969
583
7057
6095
512
13
1005
1003
4098
8646
581
3830
1641
2220
7360
3099
2961
4251
9497
4797
2372
120
5313
2937
9787
341
2003
3960
8887
4274
8636
3898
8623
2198
5067
5360
3610
4223
5493
8376
7807
7174
7387
6622
155
1958
784
9025
691
7438
6230
788
443
6725
7913
7942
1926
6830
9646
708
9534
524
4861
1645
1911
5640
876
9063
7551
8960
302
768
201
1810
1085
2023
4394
6010
643
2604
4755
1144
5791
3622
1552
8598
934
7299
8000
3304
5800
3141
3319
180
5188
907
4896
6372
5214
9373
1255
5658
9329
9149
4870
8275
2704
4506
6366
3775
9697
358
8696
5072
3868
3802
1756
5762
352
201
8626
570
695
7683
232
8689
843
5579
7299
35
4889
4058
9609
6770
1701
933
2223
2465
9982
1373
4046
8446
2099
6950
7339
799
8390
6362
311
7569
4608
2286
2308
6845
3413
8054
1770
1452
1673
2164
5656
4140
20
3719
1775
243
2402
2754
3323
4915
7806
2761
2451
5935
4464
1796
4468
4541
6132
1933
6281
1628
9069
1180
7134
2216
3577
805
932
3196
5527
1920
4391
6376
4039
9018
8415
6115
8881
4922
1588
8034
6072
7175
5334
4249
7568
7992
5147
9921
7182
3979
9162
3803
3263
8186
4615
4180
4124
858
2224
4138
6108
5318
3048
6302
922
8989
6162
4378
1049
8039
5552
7173
5221
3181
2412
4117
3579
7850
632
5204
9404
4332
9953
9285
6414
6591
313
409
8532
428
580
1054
5120
2046
3523
887
2422
9958
3152
8817
7442
5312
1641
4021
4540
2181
2144
7290
5434
8434
8994
6061
1207
2120
3927
5987
4675
8901
3210
446
3596
100
3513
8975
2891
8240
5599
1739
6370
9391
6256
9776
6292
3005
325
8745
5557
8406
7257
2081
9156
7720
6194
5573
2614
4839
2324
5613
1126
8531
4643
1244
3881
3288
6199
1189
2214
9252
8645
641
9446
2047
1084
318
5528
5526
3805
5082
4185
1687
1982
5057
6002
2900
3312
8691
8658
50
5120
8122
3005
9185
8299
4394
5573
3473
3622
2009
40
4115
5453
4017
7802
1053
1978
68
5
2034
2792
2480
5807
4690
984
1043
4155
5918
3780
7776
4913
911
3795
34
2786
2711
220
6129
7095
2503
3966
2307
250
9379
2863
164
6439
6835
323
9673
8740
5371
1424
9490
191
5678
5967
8654
8727
9630
8918
5364
3037
7879
4100
6126
8796
5709
2636
2856
5719
2291
4150
1210
6418
2509
1138
4786
6437
5416
703
8038
444
361
6187
4841
9345
211
7371
4763
6222
8877
9629
326
7998
5315
2220
2198
7364
1227
9061
5624
9262
4811
8135
6103
1818
2954
128
3763
3882
1188
6438
2323
757
1042
8690
1900
1358
2217
1604
2802
5609
4945
7475
14
2538
4873
8611
9537
3440
5993
3661
7353
3315
3177
3081
8161
5578
9376
335
4845
8176
8607
5119
9015
9479
2367
5661
5908
397
5688
2113
1690
5551
3875
6366
8117
5483
1043
2465
8760
7210
7023
5724
1138
5086
563
7652
6817
360
6889
6312
3195
7566
2193
307
7322
8875
9576
8948
5048
5639
5752
5548
1372
8872
2620
2567
5731
6201
1143
14
8738
7482
6710
9660
7483
1256
2979
9248
5295
9150
7051
6035
8611
2540
2066
7066
3014
5368
6053
2750
2145
5107
2065
59
5583
9789
7347
229
4127
4602
3631
2386
9368
8295
2196
2227
8765
5656
2031
9540
5074
5700
3408
2599
8302
2435
6714
9196
112
2310
7167
3621
9126
1833
9883
2535
1852
517
8975
5858
9218
6680
8722
3284
6034
5081
2611
5307
2000
8822
3857
634
4195
5152
5950
5918
1347
9898
1922
9233
6434
9982
268
4303
3632
7697
2830
4135
7658
4664
9338
3844
6020
6202
7767
2381
3447
200
5225
8666
7147
5675
4032
4440
3417
9580
6655
9326
2538
2586
9072
3985
2516
8359
3622
8821
9639
2356
1827
6453
2578
9998
2251
932
5260
249
4952
5317
1808
1245
7600
1657
3271
8910
7124
8839
2828
5216
1178
8512
3005
7001
2381
6227
990
1577
3011
1854
6834
1545
624
887
1676
9520
746
8986
9538
4748
7292
2004
7876
4431
5438
1519
9612
1767
6069
7678
5238
6290
7159
8748
1281
193
8898
240
7207
701
5133
3204
1242
8776
6879
4806
3807
4854
4302
2222
3327
7867
1867
1089
8364
2902
1965
7846
49
8030
2171
9079
13
124
8686
3194
6081
9754
4037
3504
311
9258
8667
7789
1830
874
6
1546
6084
2854
4385
2744
4043
3855
4125
9958
4847
5034
8548
884
334
3100
4030
9896
4777
2037
6295
5665
755
6586
7744
3307
3239
2168
8740
2883
9439
3510
5023
8715
9410
1770
3370
5007
3741
3038
9578
1961
8854
596
6842
466
9164
1848
3078
2955
947
1510
5274
4027
527
4907
3865
137
7183
6816
2466
876
5084
4596
5312
2656
178
6777
1154
1357
3582
754
9338
259
5704
3516
6649
8776
7107
3531
9115
8118
5427
2181
1823
9566
798
6709
778
5985
8822
9209
636
9281
1654
893
7091
8451
1339
5515
8543
9256
437
1187
7350
5676
7278
2952
2520
5886
2138
9643
2005
8449
4448
7388
9662
3155
1608
2830
2458
4348
6933
587
8794
3497
9445
4168
1103
9914
4102
9785
1098
2984
7515
9064
388
8844
944
2226
5455
2523
6874
530
7213
8518
9731
163
7887
786
7636
1888
1249
1922
3011
9118
628
5742
3392
573
4764
5134
698
5546
8059
3015
968
4121
5293
3594
2325
3281
5670
697
8571
4312
265
4395
1251
2161
8651
9106
3739
5810
9559
2443
2345
1595
2882
1654
5840
5732
18
5399
9920
1223
651
3868
4355
478
2810
8031
6373
1598
7061
8606
7428
2420
5058
890
5545
3038
2248
8813
6644
9837
9859
8383
8479
5577
4908
9226
9308
4118
4408
6268
512
9398
3776
718
7572
1728
5441
3459
3530
5743
8276
4035
9981
2366
2785
1545
172
3842
959
1257
7720
4216
223
5413
1516
4481
9115
3266
2653
3514
8312
2039
545
9585
7091
1094
6229
8614
4060
8222
2489
6750
4412
2656
2943
6670
3004
8640
5413
2550
6281
8447
8511
3579
9859
9015
7048
1417
3285
4774
4906
9481
7706
2974
9116
8224
1165
3180
5035
8584
5137
6632
1277
5347
9779
6956
3202
9468
8109
5961
3643
4065
6156
6439
5200
7566
9733
2331
4460
1963
2723
1565
8044
890
1396
9146
808
4217
4085
9208
1649
703
5210
4504
7868
3653
2370
5617
6749
4369
555
8795
9960
2987
7746
9176
1379
6362
9182
1082
4160
319
6414
2113
378
2693
8255
8291
1230
7862
2082
4833
60
1810
6414
856
2334
6252
4930
4133
6985
2133
8397
8397
3249
845
7426
1260
9745
6230
374
8652
4811
8684
8092
4472
7629
4850
5523
5185
8086
6383
1678
5297
2743
7593
948
7278
236
4656
3881
5889
253
2990
5293
7528
6192
6093
788
4105
5938
3979
3845
8232
8870
5114
9638
1819
5693
8938
505
571
3495
6698
4768
3726
2968
5980
9382
259
8158
1770
401
6621
6466
6022
4962
452
9725
1350
9871
7016
237
9727
4660
3447
7049
2897
453
5217
5105
8772
3335
6699
4441
2657
3536
8369
5255
6516
9579
6095
939
2960
3808
7185
1247
852
9492
4633
271
8925
3165
4417
4795
4140
9017
7730
3851
6713
3616
8084
1042
9784
2518
7319
629
7803
1077
9826
462
3752
539
7049
9980
525
944
3556
4861
7649
5499
4574
6351
8060
3909
8620
7476
1194
414
7711
4804
6475
4190
8954
3319
9647
6623
2152
2787
7073
9705
1048
6850
8321
8558
6891
4936
3686
2328
9600
2212
2660
735
749
9205
7690
9023
5984
9711
5407
3481
5990
3693
7951
921
1485
1929
7648
4280
5189
970
5098
3715
8413
93
1398
5532
8123
3720
5829
3232
8763
7307
2677
3016
5132
3864
8144
4643
1830
5876
4613
7380
4977
8094
4907
4536
1683
8735
8083
5259
856
7955
3438
3851
2343
3271
239
8957
1986
3571
33
7071
2382
2635
2268
8526
5668
3616
2213
6121
2759
4988
2723
2406
278
1070
2505
4979
6213
3010
1329
3855
6151
7541
6117
74
6687
1336
9876
858
8456
1682
6307
4783
4144
9787
7618
7978
7340
1078
9617
5257
1561
3471
8658
6150
9007
5014
5600
5874
1322
8666
1073
8268
8508
7321
5784
6022
2109
6647
5886
2697
9012
1805
4354
983
5627
4996
7150
3218
5566
6050
1468
3068
7844
2388
185
1806
4242
7805
3209
5597
5612
9790
1547
1225
9629
5911
7550
2856
2696
8972
9924
2163
9408
1483
5270
9503
757
4669
8136
8927
2800
427
1343
5320
9106
7444
80
933
3336
8348
1275
3436
1105
2342
4759
1056
4418
2950
687
9880
9354
5488
6958
849
3058
6517
2615
3391
8584
7087
5625
4314
236
7130
2513
3158
5193
1750
7200
9619
2376
6570
974
6199
3874
9692
1566
1688
7589
9102
6932
3919
873
2475
2501
409
8723
8194
6878
4912
506
7938
744
5257
2264
9031
9642
783
3842
3059
6479
2320
8956
3424
9338
1606
3415
9845
3367
7113
4285
520
9412
5475
3934
1924
9840
8101
59
7131
9938
2776
8579
317
2397
2166
7549
3865
4323
7769
5141
6530
632
9092
3866
6422
8632
2129
1576
8220
9339
2459
3921
5452
951
1502
4801
2164
1111
1243
7762
2199
6140
4912
4445
4728
8337
3815
9026
9320
611
1214
7066
4732
2912
55
4939
5795
2511
8385
2556
4871
7505
4615
7418
9329
1302
3702
7626
1698
8995
5525
4031
7759
6754
8464
7630
780
1323
6278
2833
9645
3954
4661
7177
4873
2657
929
3207
5568
9863
1276
5677
30
3665
4371
8896
2448
7144
7461
8912
9207
6715
6698
4268
267
7214
9793
7248
8257
195
3994
6608
112
2265
5333
921
6032
6978
4731
6742
788
5433
2620
5377
3034
9699
2584
9514
2289
4853
7378
285
2474
8039
577
911
6130
5416
8937
3065
4350
7106
4235
6728
4248
383
5208
8868
7466
1835
8379
4047
296
4732
6215
3985
3395
2496
7406
3634
1195
2198
7269
8487
6692
48
1348
2369
8316
3414
690
7202
3660
1983
7104
3841
9374
4540
2709
3936
5838
8197
554
3436
1187
6360
5079
3412
5264
5023
8126
9886
8694
9410
165
8151
7229
8669
8794
5786
818
7426
3523
6898
9891
834
5539
1795
1065
664
9940
9702
9685
5879
6609
6419
8814
9686
3138
3460
202
9096
6862
5639
9179
881
2780
725
1324
2070
9995
7041
5884
3364
7891
8979
6922
211
5307
5941
8690
9916
6525
3789
4950
2473
3654
6013
5089
7165
4610
6279
4408
8772
3032
4229
4226
3467
9345
3848
3625
7267
399
6288
9554
6834
700
3691
3273
9979
544
5905
7104
6543
232
7247
4986
6116
7171
3970
179
2021
1854
4679
1491
1418
9954
6032
7506
2649
2236
9210
654
1821
2750
9645
6122
374
5301
867
409
545
2682
7277
492
26
6349
3474
7785
1023
5470
777
5277
6103
1982
5514
9698
6018
2710
4624
8180
9138
8581
6385
4640
1067
928
4737
3679
5143
7030
8227
594
2862
8754
1618
5758
2308
3844
991
5978
4722
9697
1196
9830
954
5786
1833
9150
1029
7515
7852
3663
5039
4725
2838
4154
6422
6110
692
8567
3070
438
307
107
6729
1390
296
6365
1189
901
670
2373
2518
9363
5953
9847
5046
6041
3499
5679
9290
3416
6765
700
4919
690
8385
5170
5380
5070
7069
8154
1938
3759
5067
6029
9722
519
5110
4034
6933
4920
1271
1652
5794
8508
4513
6823
3779
4741
8266
1452
3113
6759
6683
1523
1970
8485
7962
6608
3215
2953
6006
3601
4763
7208
2818
1152
7193
9974
2134
1508
6733
2517
1138
3132
3710
9540
612
6047
9482
7558
6236
1581
6427
7791
7198
9387
152
9334
6088
3725
2975
9432
2837
7092
5953
7450
6225
7370
6111
5345
638
5324
244
1221
2038
9080
1506
467
3954
3830
4178
4914
8170
3052
3702
8520
5566
5804
3746
5374
3476
7489
2090
2545
8867
3530
6845
3131
3072
6758
8451
3361
2471
273
2978
8846
2556
862
4967
2129
2978
277
6820
8146
8876
254
7189
2090
1618
1615
567
9027
2119
2435
4698
398
2440
2684
4006
6580
9031
8794
9501
815
7145
9404
5680
4122
6396
7254
3188
2662
7629
5444
7750
3342
9354
2222
7981
7245
5619
7612
4287
3631
198
4348
2087
4997
636
1506
9861
2109
2126
2063
630
2866
8443
2325
8789
7759
7918
7209
5810
8570
2124
4250
9778
3038
187
5394
4952
4489
2106
6682
1043
8968
5484
9811
5015
7344
966
9042
4832
479
5500
860
3749
9201
8887
6899
8601
4151
1066
8783
8552
1957
8341
4336
2640
8987
1545
850
285
999
4348
7202
3898
2344
8096
3889
5860
9574
3520
4295
7969
4432
4650
3050
8546
646
2499
2014
2181
2441
4903
2975
2142
4991
736
7133
2998
6619
9786
7079
3940
1245
4356
3036
76
6438
6041
7981
7541
6654
1584
1127
8016
394
2960
7744
3557
8088
2040
352
2448
2684
6382
9890
3388
2672
9735
2330
4446
6120
2551
9977
262
2532
5641
143
6498
6985
2448
6432
7987
9154
4415
7819
6179
1235
6166
4855
2327
8015
1774
7310
7554
9690
2040
9807
5179
2833
6192
638
4736
4120
6440
4543
298
4996
7682
9971
4242
7867
2797
2690
6741
4937
1076
282
2292
117
660
6
7247
6979
6397
7619
7044
7482
6298
415
8178
1672
6308
2098
4082
6469
2100
8722
9480
7142
4232
2225
9623
2179
7688
5914
8355
235
8297
1613
1419
5574
6881
694
1254
7132
5948
1492
2924
996
1471
1273
3593
8223
1179
1166
6862
2694
5301
5097
8249
4768
7779
7633
4806
7769
5609
1601
3462
4112
5380
1467
14
896
8695
1823
5059
6226
5365
8476
1365
9920
6686
6582
8713
6044
1709
2697
4380
4306
2465
8125
356
2044
6779
6250
9961
3397
7399
5422
6004
8464
9295
3293
1463
5818
9548
2936
8222
9309
9390
8065
2692
3158
1726
6253
1369
2601
7538
5963
7634
2035
2369
5205
8401
433
3959
853
3879
2575
6251
7690
471
5251
4048
8794
4381
9292
3545
986
5311
2565
5968
6316
9699
526
1496
3768
2705
5421
8737
2334
9018
5824
8909
2842
9993
5302
8017
5241
5049
5263
3245
6124
9127
7570
2384
699
3241
2254
4373
332
9743
9474
83
3076
2105
2128
7716
5548
4410
2095
7955
5895
6155
2065
2796
7716
3283
6549
1919
7007
4421
5102
4581
5853
315
3043
3014
7224
7746
6552
842
7207
