9462
2880
1352
2953
3435
6519
7645
5
8748
4660
7124
4347
1140
8025
2402
2618
2672
4177
7624
6209
7097
3545
5832
2393
9648
7079
5302
3505
1031
8309
3018
5396
8540
9280
1309
4566
8566
5557
8662
5941
9365
3059
3891
6563
6197
3859
4009
2625
3167
4912
9936
3072
6634
994
623
7053
6887
5865
8464
3040
59
8255
5038
8067
8588
6579
206
6453
3562
3890
5458
547
202
872
8695
7070
1422
3466
7683
8713
5032
1964
4267
3015
5492
9932
4284
5783
7655
831
4522
7590
8989
3621
5566
8714
323
4916
9490
3573
5214
6059
9526
6782
2202
4638
9018
6751
3806
8286
428
6565
3758
1782
4711
1771
3644
5962
3268
1595
3408
7034
1413
2512
8315
4170
9739
9012
7027
7403
8768
1699
987
3188
7335
7642
9885
2585
5501
3636
3771
8736
7619
6923
6715
4248
3371
6799
4354
508
6105
6484
1675
7167
4465
8734
4960
7123
8010
5828
8756
9102
6716
3524
1549
1381
6706
6866
316
8612
8465
2121
3752
9162
2194
8479
3470
9398
8034
3857
3777
7318
7336
2700
1824
1065
1322
4887
4587
4853
2070
5462
9904
337
1238
1154
377
4962
7501
4523
7856
9619
127
5818
7855
2123
5738
4629
3409
3728
7971
7955
8158
6182
41
2903
3615
8145
4529
1715
4288
9434
6791
3265
3185
7726
167
8024
5386
9550
8652
2595
9267
5199
2545
8550
2474
8959
5457
5311
2404
7750
3585
7536
6625
496
3672
963
1829
4225
9879
998
7887
4280
1173
968
794
4346
622
4026
7858
2139
9551
3597
2681
6648
5317
1012
7407
6603
5483
2361
1849
8930
756
4036
554
7815
8062
1527
9293
8381
2973
9853
2337
4823
9778
4894
5310
2286
2138
9508
1545
972
8209
4176
7445
2099
6840
5285
6849
9884
6251
5908
4348
5143
4450
8564
2069
3703
5152
4344
76
6804
8111
2430
7323
52
557
416
262
7486
6515
4843
5342
258
3705
1931
7056
1406
6767
562
1628
6002
3625
6829
3086
2035
3775
7668
2797
2567
288
1171
4590
1201
8844
9641
2683
7137
7612
611
9606
6957
4499
8993
9707
9750
5213
4352
8097
4521
7711
5656
8014
3014
1161
7942
2233
3483
5220
1592
162
3118
804
6477
272
8607
2162
807
3121
8561
7570
2472
187
3095
2542
715
8409
4556
398
7939
4515
937
4830
5556
1855
5742
4742
4410
5886
5749
6854
4187
2303
5477
8314
3195
284
7447
2066
3227
456
196
5973
346
3847
616
2441
4681
9828
7658
1122
2302
5587
7302
7753
4694
596
3706
9370
9914
7796
5533
1704
7618
5629
9586
3579
9803
7826
2436
4431
2200
1535
3170
9078
3799
246
989
4950
2918
5876
6373
6442
4976
8489
7843
2844
4999
6024
595
7921
8259
4046
9395
9514
3809
8797
4073
8068
4024
4544
6018
192
6232
283
4506
57
2499
1068
9789
4886
3547
3699
762
7464
7367
706
5004
2258
1814
1363
3684
7899
528
2360
6562
7902
4503
3526
802
2653
7064
5259
3745
7371
8867
1513
5211
1149
4369
1544
5872
7511
8328
8513
4102
9122
2694
6038
2505
737
7792
1825
2240
7515
4925
6133
7732
3074
8457
7633
9917
2267
1940
295
6772
2075
3457
6020
6823
4868
2020
4152
2921
3393
7174
6985
8360
1869
7483
3063
1946
2199
5514
7032
8543
1195
7006
6196
7184
7695
9703
8000
3405
8690
9354
394
9127
2061
2863
4156
1970
7681
1480
195
3533
5320
6127
3710
8462
9656
53
24
5787
307
8717
9530
1770
5304
7817
9616
4295
3984
2819
9958
1930
4045
3436
4651
5963
2114
4227
1541
7912
354
7305
3561
3731
3550
364
8703
1190
3085
6637
5844
3594
4404
9346
663
2021
5674
9268
3598
6617
8644
677
8901
5290
3659
3860
3172
8219
3677
1050
9008
7876
4123
7327
1739
434
7746
2878
7574
701
1491
5521
241
1528
2803
1685
5446
3410
9387
1691
2557
2428
2853
1474
2806
4863
5105
9115
3254
2534
9819
3326
7701
4448
9909
9131
2989
3589
2109
8041
1343
492
427
5370
3982
5167
6635
3991
3198
1868
5669
1731
7916
5456
7824
9245
8006
9997
3163
556
8264
7158
3329
1129
1137
3137
3041
7661
4996
8432
6393
1994
2309
7498
2790
2975
8188
1283
4591
7315
9226
2577
4936
6070
9040
4362
4628
9076
9123
2976
1939
2686
646
7222
3627
7562
6172
1680
8212
5062
6942
4716
4729
4209
2380
8856
9443
2573
430
6380
4580
7099
8200
9494
7614
567
2839
5162
7248
5735
8252
1252
8663
7510
5650
4418
3005
9894
7356
2385
9275
3720
7354
6374
2354
2119
5028
93
4535
285
3437
3180
4269
4963
2507
2285
7193
220
6411
1503
8103
8602
4772
2470
5568
4111
6950
4836
4551
4888
7076
7296
3652
9085
3522
7258
5339
8377
2291
4237
5406
9784
8889
1898
2584
6413
1360
2967
1727
1204
9424
9631
2627
7952
170
7494
54
7128
5754
2650
5160
1432
6687
6742
4820
1442
3468
1153
1059
6776
6268
5600
4264
9037
1684
2391
7450
8147
1330
1778
7518
6376
4303
282
9776
4682
451
5982
4130
8051
9794
1304
4604
9595
4627
751
3105
7020
6497
7283
979
4501
8406
8245
7435
2944
8520
6416
131
7016
2836
9999
8203
7929
3309
3312
1651
4780
459
7362
2201
7388
8287
498
1918
3301
5825
9727
9502
9588
6252
2350
3267
3747
5414
4482
4342
7369
3281
5360
3475
8549
7206
7108
6221
2632
5407
6500
4332
7640
367
2608
2530
9094
6945
8737
6086
4674
2518
9036
2764
639
2524
5804
6467
8926
2698
174
7834
2722
4635
7603
8020
5928
5313
4951
9629
6078
7144
4657
3781
3201
2306
5864
6609
7549
2469
941
8903
242
2841
6847
9597
5542
5155
2931
91
1758
5913
4141
7306
8467
1925
1166
9800
1035
1863
8017
4984
4291
4507
8503
4167
1501
8151
8047
9610
4602
7609
73
587
5059
3381
4421
8957
7012
1932
2865
3754
4700
4468
8541
2005
5603
2692
6269
2477
2178
2991
3336
5442
9397
289
4230
1552
6079
9896
4198
6844
1612
8733
9026
3269
7035
3666
2355
5618
9568
6040
5092
2125
1241
5595
1670
3205
2001
69
3907
3716
1452
2237
2253
2243
4289
9210
9396
5281
9093
8532
4355
3422
379
6606
3574
8153
175
1444
2795
7772
6906
9072
9759
5250
6777
5786
5729
6714
852
3836
8796
5681
1823
2562
3248
7386
9876
3412
8316
3010
6771
6507
2521
956
8535
269
2382
7718
8552
6214
752
309
3903
551
5307
1060
1187
7207
6824
3543
6446
5080
4562
6257
688
4875
7543
4095
4748
2218
3474
8828
2926
4179
4353
5131
4987
1519
5097
3328
4473
1151
9790
3918
7580
9980
2661
922
2025
5592
8303
4285
20
7138
8003
2974
867
4382
6459
5791
6150
4300
9820
7803
633
6695
1078
5025
8971
9783
936
9013
832
1674
3528
3002
816
7430
4832
7719
5297
4769
1118
7990
4773
6383
3199
3751
4626
6068
9224
2593
9429
7150
4692
6680
1505
5447
3633
3924
1146
8416
9690
9593
2168
2996
5312
5036
7136
4326
6897
6073
7366
3564
4852
5230
2107
19
8755
4392
2095
437
6206
8810
9496
5659
3507
5562
4322
4713
6886
7103
2013
1182
4697
1051
600
5252
4906
9228
9345
7493
7060
6827
5270
3661
2238
3600
1193
9630
2855
1677
665
6936
9379
7788
2985
9779
2100
4358
3462
8666
6520
1374
183
1279
8449
9288
4
921
7537
2379
9924
8702
9903
355
2494
7724
7566
6639
7768
2212
2351
666
1231
9369
3222
4560
4568
9425
8640
5997
4518
3613
7221
2097
6816
1326
8573
9529
6035
4922
9356
8013
465
6607
1577
1400
3451
2158
571
7611
6976
7182
942
2528
6082
1266
8794
1865
7095
7987
1498
4454
6391
9782
1053
5127
9074
2085
5512
9236
3596
1177
3138
8376
2612
4306
8391
8637
2638
891
4249
5536
9517
2142
9248
8908
7194
1198
2809
5273
341
8074
6685
2936
4470
3895
348
687
3645
5709
7094
1302
9032
2476
9542
7936
6366
9642
4596
7835
3126
4051
4524
704
3400
1261
4545
2715
9061
6640
2454
2956
4842
3490
5024
2571
4705
7700
441
2328
9757
5344
4217
8742
6262
8302
2190
218
7984
2256
4786
3484
7023
1347
5747
570
5619
8401
6085
2859
6921
6839
7571
3521
5947
2649
9780
9667
1298
3251
9312
9385
9066
2022
6652
4704
8870
6537
7810
237
141
4743
4434
3386
8604
5413
1305
5967
4607
1959
4101
6962
3493
7508
2675
6552
1977
5321
3028
783
4880
5455
1561
89
1872
9249
988
484
2503
8162
2772
1348
5955
4053
5694
7521
9837
240
3670
6425
3175
9101
594
6256
1755
8110
3132
2117
9401
7177
2221
8180
5157
234
7310
7265
6931
5200
4064
7010
5764
2236
6291
9242
7602
7235
5219
6737
6943
387
2588
357
9405
6155
7228
5104
3994
6266
403
4256
8616
4588
4579
637
325
6044
9561
2232
8599
2433
8952
4699
9231
3102
7793
7279
338
3955
7074
9746
8098
5576
5811
1687
1973
421
8374
5002
5408
7385
5248
1388
3964
2890
7880
2014
2058
9421
8049
1728
3495
6512
6100
1108
4277
9635
5563
8987
1887
6014
4782
6821
6991
1466
8601
7502
8749
8919
7404
2011
7274
3187
6551
6610
3753
9949
4161
7360
612
6171
3934
5300
8487
4547
836
7944
5190
371
3773
3031
2359
7556
1688
9352
2891
9877
1431
297
1292
5769
2185
6834
1003
5951
9017
8134
3856
3988
2527
7672
9258
9812
4162
7914
4311
8159
7033
397
407
3897
5960
9697
5467
7342
6060
8152
1643
6822
2008
252
2124
9028
1015
1873
3826
1356
9952
6972
4056
7947
6596
8038
1619
3838
7178
886
3658
947
8838
7995
222
5464
774
5441
865
3311
4821
6658
2868
4859
927
9285
9264
4406
9969
4204
9287
8947
4071
1087
3421
6212
5717
4011
1159
9420
5129
2195
1028
574
8654
4612
5790
509
8763
6365
8394
2645
2182
8618
5153
8270
6485
1220
2181
6561
9192
5448
2886
8380
9118
3181
6263
462
6937
7143
1064
3196
8500
7057
9548
2150
7343
6050
2513
8279
8037
9519
2126
6534
6681
3643
3899
9270
193
8998
1623
5389
640
8080
1175
3147
5830
8387
9486
1626
5149
3630
7628
9584
6220
803
8691
4368
7509
9376
6567
6228
7405
8365
2157
3665
5507
5837
133
1635
6198
9467
9680
6049
1247
9480
9016
717
9191
1698
5197
1617
1398
6461
3377
5125
7090
8791
7993
8201
7519
8473
9259
8400
9892
1818
8707
5935
7956
7236
5365
8968
6613
1634
4350
7401
9687
4765
310
7434
8529
2229
5305
3647
3581
2411
4033
9284
2771
5814
7986
6406
4250
1504
3717
1273
9682
911
3995
5330
2039
125
4915
5074
9015
6664
1627
231
9888
1180
4001
1349
6345
8825
3092
1797
9799
7002
3458
3554
9525
483
9411
3639
689
2628
9489
7458
5176
4356
8039
839
2969
8565
7686
5289
6842
17
1361
3619
9475
5191
2106
5934
9808
6237
3744
3553
2651
8687
6435
9846
1457
2508
8021
1524
6072
9219
6310
4661
4271
4701
9873
6381
9570
4810
5632
7330
7026
2466
7479
6922
7555
4854
458
6809
4532
5466
9238
7889
599
7563
5340
4272
1922
6896
6761
7411
588
9983
8746
9511
679
9536
2152
6878
4570
5779
8641
6693
3865
5101
3821
520
5762
1812
1900
8507
5265
5439
9466
143
4536
2826
7092
8149
7721
3979
2690
5716
6630
2702
34
3839
1972
4086
8240
4624
1084
3446
349
3264
9080
6633
2222
7018
805
3886
7488
1842
5660
549
9623
1833
858
2525
6090
6408
9179
7687
6571
185
5141
5417
862
3240
345
6183
6528
773
9617
1603
7731
9326
1938
7542
6948
7604
5287
5939
219
2171
3628
4453
494
748
3845
8907
401
3834
5187
1001
8766
7244
10
2112
5227
2660
3869
1700
460
9056
6129
1234
9216
5323
7911
1472
5526
2852
331
7578
644
7598
2987
5237
6394
7340
8317
9412
5204
3746
3990
5007
7381
1852
7190
4644
1899
1512
5029
2629
903
4318
5056
2894
8204
4168
4016
8521
9404
5377
7783
5084
1473
3536
7210
3152
7941
521
3373
2130
1945
6331
1408
4413
3641
1605
3646
2783
2902
7005
1679
6700
2569
6128
9309
6241
8421
1666
6280
2624
5279
35
9247
8224
6929
7113
5161
1257
4047
2538
4838
5398
4730
3810
4447
9566
4371
7446
9295
4457
9927
8496
7622
7008
46
2480
7728
4663
7111
2813
9938
6960
2495
2770
2835
4081
4781
1295
4938
448
1463
9077
7677
7372
7908
7203
7879
7635
5614
6248
6447
7588
885
5493
3008
3431
2714
2630
9855
4075
5193
4636
213
129
2735
995
6227
5509
6217
3256
8677
3971
2426
5987
8454
2113
360
3081
3966
9699
2599
6017
9545
904
9383
329
1449
3683
2396
3262
8397
8167
7651
4338
5443
2643
2636
7141
2003
7195
2929
278
1586
9976
9246
3707
7937
9163
9852
3407
2597
2478
3065
3236
6787
655
2010
2933
6448
3503
6833
3316
7630
6765
1155
3225
982
5109
3616
5870
8077
3786
533
4174
4648
1913
9786
9564
9650
793
1358
695
3551
1132
6800
8372
9899
5723
390
5792
3804
9452
8820
7268
8786
2000
1582
4233
699
7974
9382
2655
7867
3398
5672
9825
7192
3223
769
4957
1184
2514
1315
2033
7431
1901
8359
233
9640
5235
7938
6997
6144
6560
7885
8787
9634
2737
9801
6572
2154
6662
2064
3104
4783
780
1052
9773
607
2579
6496
2814
8636
2705
3124
9240
4610
3448
1174
3026
3695
209
8223
7957
3426
9172
3394
6271
8678
636
2883
2301
8016
7870
4449
7243
3128
204
3820
6154
3129
7523
7121
4317
6481
4194
6924
8349
5824
1565
7583
9069
6074
5651
2531
177
9988
6066
6452
225
128
859
5899
3614
5647
9721
7384
7453
906
4985
1926
7054
632
8762
3853
877
7866
2098
2581
2799
6543
3749
1005
6901
5498
5894
4849
7632
1264
4120
4715
2409
4714
9070
8785
5459
5993
1099
469
6005
7999
8580
5306
1210
8321
683
2366
8827
3318
6861
2825
6843
8220
5048
5752
5159
5203
4846
6591
4720
9725
8002
9571
767
3321
8843
7972
5357
2356
2127
7075
9168
2318
5704
6270
7617
5298
6669
1521
8312
2278
1117
6729
3778
253
2845
8764
9554
9967
7322
1693
8236
5264
6053
8055
7231
8292
8522
7129
5121
1968
2812
5758
1911
9296
5047
7933
1482
3762
8053
8760
7926
2658
27
6136
9749
2083
6333
1339
4792
2446
9971
8322
4760
1641
8628
6329
6871
4546
7674
6419
4817
3604
2226
6318
6557
6641
5620
2272
2292
7988
7024
7973
1743
1293
1888
8863
380
5039
6768
9521
203
3735
8593
2631
9860
8285
581
8857
1285
7780
6890
8306
1850
108
6753
2558
3876
8127
3206
6852
1160
9708
4770
6741
7214
5882
9029
610
4516
4460
2153
1725
8472
8569
8790
741
8883
4325
6723
1311
8680
4767
6674
3626
5905
8066
4808
9931
9492
5683
5253
1607
384
5555
321
51
2131
8327
2418
2038
2829
876
6608
4107
3846
3657
9457
4282
3441
2177
8753
4881
808
1985
3096
7587
1667
8379
8260
7120
9384
3951
64
9599
1125
6904
6294
4642
7636
4755
2489
4488
917
4753
4750
3680
642
4597
3571
696
6405
3815
3629
4479
6585
9278
2363
8894
1877
9091
7211
2641
1831
6441
9147
538
7459
1221
5054
3563
6598
6919
4884
4804
5534
8568
7324
8880
9965
3870
5948
7246
7326
4042
5277
4393
8557
9583
5677
4007
712
5801
8891
1836
5435
9985
6703
3433
9573
1049
8202
2017
4702
1297
4253
1953
4717
6184
8364
8490
8805
5111
1853
1141
674
7161
8370
851
9742
3161
4841
1225
8436
6740
5470
1559
6581
2135
4493
3308
9332
6982
1893
7769
8675
1644
5429
3207
7216
2591
4784
7102
3570
6863
2449
2399
4142
2343
6147
6779
265
261
2263
324
8985
8798
2864
4028
1353
3295
2697
6629
4934
7397
7091
6837
660
1063
8720
6818
3390
2255
2219
5133
4304
4090
6404
2348
5527
6120
2515
5266
159
3190
4798
8837
1427
2659
1808
7804
2909
2741
7406
5020
700
6584
8966
6730
608
1709
1329
8681
4695
8144
2207
6093
8634
4978
2687
1446
8324
5027
3954
9042
6696
8099
8029
8001
7576
6808
5037
4309
6432
5433
9886
2751
6259
5777
1425
9063
5852
6375
6357
5721
386
2807
2896
1359
9067
4902
6935
5123
9918
3682
9476
4044
9112
8031
2046
1419
8173
277
3277
5666
4372
786
9915
3136
7152
6422
3488
7468
5112
5927
967
3235
4236
9222
6207
7736
724
4788
4708
1801
6415
9220
5189
5745
2760
8186
7198
6595
9437
9177
1943
7727
1393
6786
5364
7429
3638
5863
1555
5906
9908
5013
5999
8878
8946
400
6468
1610
3004
3171
2298
5956
7883
2682
6977
3447
4206
5424
4456
7444
6141
1540
4785
3893
1415
1916
389
6541
4415
2999
8964
2919
555
224
4826
3785
8686
6934
2952
2689
8115
2817
7623
1307
7786
6673
2971
1606
7533
1114
168
1734
8948
9854
3361
3906
9196
5346
4990
2161
6984
9363
8635
7569
3273
5115
2824
5750
7135
5358
5299
8916
8548
5866
1723
8044
8882
4483
768
7238
3139
7605
4586
2877
8673
5434
1703
2684
1796
7175
4606
7080
2388
2959
8052
5449
3112
3959
6229
2128
9604
1421
7559
5309
4575
6351
7665
5549
8265
7093
9320
5794
4690
5572
8584
172
5399
2549
2071
5793
4828
9252
4440
8923
503
9668
4059
5702
4069
3742
9380
1516
3851
4222
9754
164
925
9319
6161
899
5484
1827
236
561
4991
4959
2304
9720
9371
8929
1435
3297
2604
1386
6665
1611
1188
5937
1462
661
4671
7173
1120
2717
4039
1624
6672
1216
7723
7857
9257
8443
8281
6335
8383
2994
8792
4731
1405
8208
781
8975
2159
4641
4684
735
2744
3766
6211
9957
9223
8726
8995
5003
1455
1802
590
7245
43
8122
5701
1989
7985
6932
6513
4618
4423
3113
7778
4625
7586
6213
7465
7063
7328
9654
6216
3540
9674
2589
7541
5781
4063
3874
9838
630
3169
2522
7461
9055
8493
9921
5150
7734
1657
9195
8274
9491
952
113
8210
676
7965
5569
8770
9972
9844
8823
2874
6835
931
2339
2174
8015
5541
3149
9643
4000
8106
9103
274
926
8600
9403
9907
6888
8092
5581
412
8740
7185
6284
1956
4900
447
8065
9944
7812
4585
1554
7660
2340
4655
2313
3937
5736
5397
9427
1835
7376
4169
1423
2575
5362
2065
2815
6666
480
1735
4614
4896
6965
7913
1757
1
150
9007
8076
9580
7782
2716
4778
3141
9232
8670
8124
2459
2529
4672
2881
7703
3823
4504
8331
6549
4923
9890
5022
7059
9292
8035
6879
3259
8059
7577
5959
1907
7964
3883
4005
3513
243
6249
604
7087
440
4620
3730
8587
7861
8366
6933
7684
3770
7171
3532
7905
9344
3276
1671
5983
9253
2972
4719
3741
4425
1424
4478
7392
7215
110
9560
256
18
8578
4432
4910
4452
7978
9243
1692
8414
9905
9948
6686
4845
697
9862
9374
9048
1788
7085
5911
5585
2006
6580
800
4775
4099
4422
4096
2893
5090
216
9227
5261
9714
5841
6559
9435
6123
290
8562
2633
81
3413
6077
157
7448
1581
3844
6427
9389
4654
4577
5401
811
7146
4725
453
8166
8073
9863
8295
8232
3346
7662
6619
1317
7127
6803
2417
9503
4273
8511
1781
2068
3939
3151
7811
2785
2341
8320
470
3307
1202
7414
2447
7114
28
9307
6436
312
6282
8114
417
4084
8709
5303
4037
1490
9014
7524
2104
7320
7065
5018
8527
5598
753
7946
4617
7540
4988
3216
864
9756
8771
5010
2937
2076
7281
1208
8091
9848
7712
9448
8368
856
5411
4077
8434
6498
7754
1071
5615
4946
7377
2539
5775
186
4728
5949
6798
1341
3241
3721
4857
1845
8531
9151
8267
6328
6192
7451
4242
5848
374
2208
3134
3841
9141
70
2437
9925
3974
2165
3127
4002
7345
7164
958
1947
6611
2869
5808
9926
659
3091
1401
7058
4771
1716
5531
1714
2030
3461
529
5341
9200
1533
7696
7423
8214
3189
2663
2213
1189
4444
4809
6015
4914
4286
8283
4904
3155
7118
7234
7139
5023
5622
1096
9024
5388
9636
8468
5925
8518
7273
9940
7755
8917
3794
4138
527
8358
3648
7752
3787
3690
1026
9318
8132
4676
5050
1830
2424
6651
2224
9348
6246
6276
9290
2925
1515
9092
4109
6151
8112
2561
1744
5737
4534
8334
882
9297
7601
3927
1689
7599
2598
631
5195
8445
4189
4366
7828
8874
2580
4662
4885
3034
4155
3566
2239
1191
3663
2373
2087
2483
7960
4595
9473
1876
22
6663
3442
4080
8081
317
1767
7813
9130
3498
2414
5385
861
1955
14
6493
3233
3989
2725
7597
5392
2596
4330
8218
3935
4891
4275
7285
9484
1158
4308
1560
6511
1895
270
4803
4147
3595
109
9730
116
2305
7945
3450
1775
1817
3738
7851
8131
8405
4192
2004
3025
553
6599
4509
7286
3894
510
3384
5110
1616
9417
5726
523
6810
8626
2968
4315
3416
2217
1958
2724
8526
8556
3855
3372
8941
2555
2300
2704
9506
3500
1766
3782
311
1981
7262
1172
9941
5516
5088
7647
166
9153
1217
3681
6807
779
3957
7313
7829
5621
40
6891
8868
6242
1127
8079
7355
6952
7154
2245
5636
4878
3593
2296
3158
8061
4428
2220
2840
1377
6137
2970
9607
5970
3315
4089
4911
784
8672
7924
2950
7254
9394
6159
8440
5733
6970
5918
7218
5468
423
4426
7900
5843
6021
6758
6755
5223
1004
4321
6185
4952
9186
1794
7550
5907
4446
1897
1669
5922
9477
1951
6028
3310
6873
7361
6132
9660
3088
5356
3694
5451
3978
2246
9392
9795
8026
2231
598
9083
1969
796
5049
6956
6734
7288
9359
3531
8579
6632
6544
6820
6281
8367
9774
2442
7239
1074
1506
4258
9430
8008
5676
7706
5522
4621
9865
5579
4139
4485
5502
8251
7934
4471
8156
5771
2838
103
3750
9975
9113
511
5318
650
6869
2843
1846
1492
8234
1810
6260
7853
1978
7269
6899
5573
5952
4870
4297
366
985
5269
2096
1531
2287
361
6505
1163
4840
5244
4795
4668
2273
6738
6968
3479
4082
4411
1268
8392
5091
7584
7671
6667
2475
2464
7325
294
8197
8938
2198
4183
1214
474
2981
1517
6314
6106
2747
7676
4416
8984
2342
7157
8712
1097
8064
4746
7930
5500
2427
1580
9601
7842
4805
552
4724
8126
9099
6691
9282
3635
1695
4172
343
6143
6589
2701
5349
7160
8858
3255
6909
5686
9522
5871
3335
6418
5478
1929
3402
5473
4727
344
1334
578
5226
7832
5008
6210
4758
6615
3523
4958
2671
2602
5241
6471
3654
2434
2368
3084
6628
2037
4363
638
3343
9882
7031
8257
9057
8452
365
9775
5069
4436
1665
6142
7573
7068
6545
2876
2610
71
85
8040
5165
3930
5135
9391
2754
8698
5511
1840
9207
2669
4305
9673
2452
363
7484
4134
8498
5822
2559
4502
8772
4087
4481
585
4860
6867
2143
3194
3062
9700
1509
6308
1318
573
5240
2492
320
2743
9677
870
3698
1429
3465
8921
1497
6473
834
8761
6364
8261
3354
9764
7046
4571
5343
7552
4738
3130
7025
7071
5271
5465
2333
9666
3535
7644
9368
6320
7043
6710
8589
1673
6112
5402
5099
2493
8865
8731
4707
6638
7230
2984
1380
7457
4819
5538
4589
7575
8981
1373
9105
1090
1312
8418
1702
463
2897
5856
5326
9868
1376
9663
5940
9132
8278
7021
5294
730
7061
255
1058
5869
7799
6384
2251
7297
8355
9565
3510
5570
7420
1993
5718
1397
8429
4145
7291
6203
8819
9079
2485
6717
5640
2077
7730
6578
3144
8501
7186
711
6307
6103
6449
9611
4583
1966
1496
9133
6668
5198
8914
1027
1025
9119
5221
3098
4022
3679
1199
651
6495
1042
8953
1630
7422
7741
5292
933
5118
9765
8723
4677
3230
7690
6414
9731
9768
6385
8398
4505
3651
1923
5051
7299
910
3337
4121
6880
7402
9146
4006
7613
1365
7426
8133
5902
5338
5282
6204
8826
1604
7520
6113
4409
757
5772
9857
1106
2271
4412
2954
1784
939
6464
6099
1123
7961
1139
4537
2086
4527
662
8781
9614
8168
2007
9691
124
1396
5916
3392
9137
6387
3520
8918
1437
8849
5042
8417
8439
9331
9461
1537
5953
444
6964
7374
426
6712
5517
576
1445
2215
3414
3341
4113
5710
5217
935
6181
4290
3082
6536
4060
7906
1037
2644
566
7653
5892
5469
6165
6789
74
580
8326
7416
6790
8063
3234
102
351
7491
5741
1390
9199
7131
2144
6915
1366
5276
6167
2451
1067
4469
9190
1478
8086
818
5372
3548
2408
1649
2179
245
8371
6179
5584
9954
7242
2394
1200
8238
5881
4390
3456
1553
2049
648
8519
7512
544
5878
5108
2964
7495
425
5181
8428
5147
5228
6463
5019
5238
3174
5419
2811
653
5171
2962
2746
8623
6770
9869
5890
8301
3168
4992
1185
2594
4034
445
4474
7949
4687
4025
6152
6305
7716
4573
4526
6554
5998
8885
4171
9110
2576
8447
1436
5085
5571
9322
797
142
978
1033
6026
5961
5430
1809
6233
49
5732
3037
9239
8976
6330
1144
9661
501
2634
3280
266
6503
5094
8403
1407
7317
4967
9483
5184
546
5057
7351
1847
7709
2274
810
9518
572
7745
3283
1080
8198
3558
2053
5861
3334
4578
9875
6792
1089
7163
9001
2547
6397
8783
135
7180
6398
4968
6177
1998
4600
536
8082
6226
8190
1083
2262
2736
8822
3358
9045
4278
7329
1077
5840
5753
560
8256
9479
2384
2223
5224
8715
1816
9198
8307
117
658
1426
1249
7759
6145
2800
9294
3116
1485
5547
1142
4441
2623
3790
5499
6509
976
8139
319
3148
8225
6258
1029
1538
948
2523
7276
1338
9709
8710
2504
3668
411
2357
3517
6747
9157
6479
4675
2578
4827
8560
2334
3909
499
9498
2501
4050
3298
9970
6191
8655
8516
3106
6339
7849
4165
7142
4564
6766
8614
5082
6080
4924
4182
9166
6186
1854
8668
6655
3021
7438
5849
2141
486
5144
3471
8453
1542
3221
7307
3655
2211
4201
824
9665
4972
3013
4388
6775
3605
9090
992
2600
179
708
9106
5827
9724
9500
424
9626
9458
3848
2248
6022
8176
3584
2832
2362
5606
2900
5113
841
4986
4764
145
6713
4257
6963
1006
8050
3812
9590
5079
406
3131
2570
5103
3880
6704
5295
9788
7663
8757
7749
8609
1562
1663
3293
7808
4057
5884
7375
3054
7294
617
9735
8842
9738
6953
4611
2712
6341
6361
9325
1805
6000
2603
9653
9251
4945
7452
3093
6542
4367
6041
9705
5503
8129
8083
3772
5172
318
6353
1954
149
7592
7764
3238
6851
5898
373
2568
3353
1500
413
62
2993
6486
2992
1250
8157
896
2467
8444
2344
5117
2365
8633
8340
9237
707
8576
1768
8305
879
3029
3565
3828
6553
7156
9431
5699
4599
629
7300
3712
869
6593
6642
139
6576
7098
3472
3723
9702
5006
8847
4510
5208
3912
2378
8228
4873
7794
3931
9351
6083
200
848
1885
7997
7757
2908
8510
4238
8639
9408
1244
1399
9889
7608
3366
72
9419
4476
1722
1662
2111
435
1625
9684
7781
2923
4513
2149
9049
8455
3071
9053
602
4965
857
3411
9594
1259
2947
5969
2018
2506
3270
4867
7042
744
292
924
2734
8911
5045
7841
5613
6202
5730
3671
5799
7256
9215
8388
1328
3539
6378
3822
5933
6115
9134
5296
2415
7007
9388
6130
4279
4693
7321
4197
5247
1100
6556
2028
4429
681
9713
4270
7004
2101
8460
3675
405
8325
7277
8028
3017
3133
9797
2517
2784
3863
8524
9022
66
4574
3288
4831
2431
2749
8329
6289
620
2895
4899
6719
473
4017
6506
5763
140
6831
8909
1152
90
3864
2818
5920
8525
6944
2425
8422
2084
5968
534
1754
3578
4937
6007
1135
6885
3094
8420
6732
6881
1843
5560
7641
67
3109
2156
5519
9144
8685
2592
7224
990
4259
3320
7666
4652
7822
2016
8275
4500
1130
647
8032
8804
705
4519
2487
1967
2019
7862
938
8933
9364
7410
1391
5634
1205
912
3486
5243
6860
8741
4484
1570
7882
9906
7698
2265
2823
7073
2930
5375
6061
3284
3012
3719
9961
2509
7442
537
3803
7183
5687
9973
2511
7959
2516
1323
962
6928
1732
37
1924
6091
3057
6848
3445
7694
2166
5040
5853
4383
9306
1121
1569
3016
7890
9513
1098
362
1960
9871
9897
9763
4496
1364
1890
3833
3497
920
3913
8280
4744
2151
4745
8900
5376
8019
1882
1587
1021
4399
4531
9142
8595
5138
3697
1903
3427
7565
8851
9870
3748
5063
9535
8350
3944
9556
2657
3108
1585
7528
1070
8141
4511
3296
9328
2617
9225
710
8437
7634
6431
1157
2980
4721
2854
5363
7456
6173
4181
347
4508
7387
7785
8811
8722
8533
4219
4276
267
3356
2471
5452
838
9436
1310
9817
1984
1119
3943
7992
2187
6234
5851
5806
450
507
9968
7066
3832
1526
5643
830
2924
3868
8185
2666
1668
2640
6987
9679
4386
6868
9260
2892
2481
5130
8860
4146
489
2757
3068
7086
6054
4898
4658
3580
334
723
4822
2910
8338
1909
3925
1614
9792
3796
6332
4582
6778
5272
792
4116
3572
8806
9701
3999
1756
3338
2510
2324
6785
6699
5380
7836
1745
4329
7847
6992
4794
4175
8478
188
5001
1416
7096
3202
8291
1820
1147
980
4018
9658
5895
8235
1370
9539
2626
6592
6092
8289
5637
3560
7030
9256
928
3100
1209
4667
9605
3916
1548
7572
4296
7067
4740
3945
5236
2490
8075
9845
3429
9543
3103
4942
1563
2465
8645
4806
9117
4244
6627
7548
6334
8944
9762
3419
3686
9649
8624
9445
5652
3922
50
2484
3397
4292
531
7507
1995
8622
2793
6055
8351
3140
8088
4856
4563
5661
5267
6531
929
7240
2769
7149
8897
6724
6273
8294
6001
9263
8290
8750
4656
3761
6491
7962
7370
3888
3791
6122
4023
3344
619
4980
3825
671
3568
2082
7287
2680
9343
5616
4982
44
5554
2867
5463
1557
2473
4858
3718
837
7561
2676
4649
1162
1609
4666
8705
2252
3080
3125
1678
1039
8979
4790
3355
9981
7295
1658
5627
1520
6344
2420
6304
7850
3936
739
2169
1792
6501
1507
2419
3120
1597
5345
3306
8699
5410
4131
3696
1011
7626
2710
8759
9303
5883
1233
923
8211
790
1804
4153
6947
6750
3689
9781
3463
4302
4265
9441
6573
4255
4640
965
4919
7958
3811
1418
1287
2851
7765
4160
5481
5068
4542
7045
4903
3073
5454
6200
9336
9872
7199
1495
2720
5978
8936
408
4164
9428
4210
726
8194
4188
4137
1990
1440
5789
2002
7742
9465
1543
8297
3045
3673
2060
6529
8990
304
8800
286
5544
8973
5891
6424
8597
1914
4417
9772
5766
9202
6587
3388
7953
760
6958
7197
5031
4814
8042
6110
2820
6865
8504
9221
1411
9523
9620
5810
2289
2439
2673
7935
3146
3687
6967
4178
8627
4475
9728
3244
9050
3950
4969
9928
5910
8611
2605
3664
8555
2614
5821
3969
5657
7704
3515
684
4040
4698
548
8547
3449
119
7247
8385
2961
5291
3396
5582
7357
842
8480
6981
8084
4920
2763
4020
1861
1475
6989
7839
2183
512
2611
5755
7069
3941
1596
1258
9025
7226
1844
2564
957
3900
6920
5431
7531
1615
8932
399
5639
9552
376
514
9911
7920
863
12
9334
7720
5052
6582
5145
7338
1212
8310
3889
3885
7353
5329
5725
1508
9532
9300
5946
4973
9075
5137
5788
4231
4049
2977
2009
5574
9269
2280
3769
120
9071
7147
5535
1645
5178
8476
3362
2281
8747
6916
4779
5107
4491
4824
8574
1044
356
2160
6218
6016
6754
2088
5395
5815
6315
1385
306
8815
2299
4013
871
4370
993
4195
8481
8375
2234
4254
7775
8199
39
7179
2821
8807
9900
8438
3704
5475
6396
897
2370
2777
8250
1761
7763
541
8424
7176
2268
953
2711
6356
524
1564
2456
2227
9533
7525
7865
5033
1858
5751
4761
4576
4895
9229
6118
10000
7638
1192
4345
6222
833
4211
2416
827
7678
8873
1229
2861
9266
9815
9460
4993
4041
3360
4337
1980
7077
9030
7798
3998
2283
9081
1741
6358
8408
6644
3157
2916
6326
1271
7133
2773
5183
3729
5707
8262
429
9507
4829
3142
6286
8963
4528
3537
9360
16
8559
7825
8288
5591
1639
8474
4185
7682
9176
5035
6058
2939
678
9946
4492
9937
3854
6709
6476
8336
8060
7225
6488
4726
5543
1711
9375
6399
9964
3620
8861
9060
5559
4847
8475
3286
6911
368
3914
7904
5748
656
7864
271
9836
2740
3827
2146
3250
8855
1290
3046
11
6009
3653
6455
7425
7041
7316
3200
9664
5780
1832
7558
7951
8005
4235
3829
2115
5760
7101
2858
8206
7506
3101
5520
3755
3357
7729
4324
7980
6048
5513
893
9504
605
7172
122
550
9440
2170
577
433
6205
2331
1530
5842
6309
7263
6297
7886
8119
9602
8887
6870
7806
4247
7278
5293
2882
6372
959
4718
3389
3292
2774
3376
4104
6321
4196
4639
3352
1433
1300
1787
9600
8721
4615
5580
2647
3478
1218
2205
840
3840
4645
9182
5491
1227
9821
9994
393
1489
8899
8007
7994
2726
2188
3052
7481
152
3160
5889
9059
8433
5453
9386
8969
3862
4494
3469
6679
370
7038
1441
1841
5369
5607
5488
3830
2665
8333
5089
7011
8788
5164
6439
7621
1409
785
229
7482
9977
226
8395
7428
9822
4825
395
7833
3708
6718
950
7153
1375
5327
160
1313
2407
4351
5156
6245
9180
3003
6352
7267
9549
6794
738
101
944
227
2051
2707
4759
7264
3246
6348
8744
8833
4085
690
8850
497
4381
2250
5436
4741
6522
4373
3425
2949
9637
1128
6483
7901
2911
875
6131
2423
4813
4811
6465
2533
9218
5472
7022
6594
9740
3933
1235
5087
6296
4027
8179
7339
5903
4394
6604
419
9019
3993
1223
4989
6645
4430
1637
1942
3953
4274
9464
148
446
7284
2729
9160
2552
3764
4215
5689
6430
1547
2887
48
1134
776
686
5601
8988
197
7028
9377
8118
9413
2713
8155
6783
692
5854
9446
9234
8544
2015
8758
2759
2758
6676
6569
7697
539
1920
1289
3612
2745
765
5957
5060
3940
2120
7145
7165
6114
6954
5134
964
5567
6223
5803
853
6671
1165
7208
8775
95
9578
8415
5418
147
7585
4232
895
5251
2209
4909
4954
2940
5308
6815
5015
1866
436
7333
9463
4159
6190
4301
8298
6379
1765
5624
4243
5727
1169
301
9843
7616
6360
5931
7860
223
26
5696
3606
6720
6508
3904
4375
6793
8318
5132
1439
4439
7122
7522
6588
3871
6988
4241
4632
1892
6832
3702
7383
1917
6626
693
5583
38
8651
2027
825
3047
8048
8193
3795
9149
6660
1206
2116
1633
1306
247
4299
9338
1636
1786
1450
9488
2336
4066
4540
9027
4747
3882
3380
6659
5798
5367
4634
5698
3843
7476
7389
8649
8648
9823
2791
7107
2164
8980
8514
8606
1324
4110
3968
9810
9524
908
8213
5909
4379
3929
2176
6862
2942
6295
7595
2163
4941
7308
6367
6208
5140
1753
3722
2392
6107
8319
5381
4572
29
3586
3271
4186
8928
4136
5971
7117
4623
9818
2381
9065
5474
2738
2667
3837
7496
7188
8113
2080
1532
2244
5641
6240
8089
8195
9043
8363
2755
971
4218
4683
9129
9003
2788
8138
854
8165
3873
7462
1783
3182
6163
1807
5767
2822
6566
6855
6694
9478
7819
6502
2136
171
9000
7869
981
9959
6063
9299
2269
4298
8352
7784
1344
2133
4905
1262
9791
5746
7535
1458
4913
1013
8591
8638
402
6382
6684
2566
3783
1878
4732
2137
2196
7840
8196
1032
4334
945
6275
9710
3219
339
801
2765
9442
2091
5838
4151
9718
3544
4520
3153
8795
3743
8924
951
5714
5896
4799
3518
1284
9393
4461
2536
8137
902
1874
7589
6303
404
6293
31
4122
6547
3956
2203
2546
5350
2180
9615
3022
1387
9021
4462
5231
2319
6649
6124
5617
9922
9433
482
7048
6298
817
2958
9241
5847
7130
7119
4598
3676
2332
1104
4664
6306
4463
4935
8184
313
3634
6277
3370
383
5610
8585
1368
6726
9154
1697
9410
7779
7715
8125
6650
4974
2572
4094
5877
8517
5081
7553
900
6744
2849
4466
7039
9835
8658
6558
8931
6797
3220
4517
6444
3382
3330
6410
4833
6274
3512
3424
4038
6472
5540
1107
2833
3602
8583
5518
7878
7200
3454
6978
7140
1414
8864
8567
7852
7232
3669
4125
112
1443
228
3263
1908
9136
1790
3917
4103
9235
68
3632
7600
826
9547
9283
1779
9696
3007
9084
1965
9956
7000
9407
1069
1944
5262
1664
455
6990
9881
1020
6157
5218
2078
3438
4749
6474
3481
558
5901
3314
8886
1095
1525
9324
9585
5703
7196
9023
8996
3038
7737
3305
9487
6475
4787
7205
3302
3176
3193
6654
3439
9744
5532
1239
8922
7201
1072
2960
7610
725
1276
8881
5284
6959
7707
4128
472
2284
1336
1749
9426
7115
977
1729
5319
3801
6773
7844
7969
7015
6006
2587
8215
9054
5263
4673
9052
9745
2917
8323
7049
7725
9188
2105
8974
6255
9087
9372
7818
3499
8412
4889
230
1314
1799
9974
7467
7557
3813
7373
9033
2997
1717
5958
8848
9816
5761
1395
7349
3492
7970
4445
4364
6004
1777
6429
4407
2875
4933
3333
7344
6546
8469
1030
758
5479
4076
9990
1936
9559
6076
9317
7088
2455
7352
5201
9995
1999
4815
1379
845
3143
1713
4839
7166
7380
6102
9121
3767
6238
7816
5239
8499
4487
1101
3349
9807
2730
2079
8528
5605
3303
1493
4019
5095
943
6451
7868
9515
9785
8853
4030
4712
7290
5055
4396
8431
3191
7966
2067
9155
8877
4438
5076
3145
873
4414
7052
2043
2674
4132
9276
7439
1822
5205
1378
7037
9114
6231
6939
8293
1819
353
2479
2422
6974
7249
6918
9314
5645
3455
1851
8237
1410
87
9895
1481
6230
2753
8150
643
4737
9878
5713
4605
694
4333
2885
1402
940
1896
5633
4328
3460
3624
4133
4251
8078
4876
8978
7747
2706
7110
9291
8603
3217
5611
6290
7169
5546
3674
2739
3992
6347
9189
3406
3776
3122
2850
3908
8117
4357
6010
6752
6096
33
3367
2565
3383
9933
3048
3291
5011
9644
4008
9244
2901
8174
6027
8992
884
6539
2965
3324
4802
6062
7607
9723
3304
3555
7530
5623
1303
8033
9107
7485
1575
4998
6278
9233
5690
6702
9449
1301
1937
9064
6081
2535
9562
9367
1976
9796
1719
7517
6518
2762
7350
2842
5835
6602
259
9920
1803
6523
5675
813
9741
443
9381
1253
3339
791
8102
8491
4072
4003
3768
438
9589
7503
5731
8494
7409
9732
88
2978
7399
2413
5655
6677
5673
9082
4191
2029
6098
9625
3111
3788
9569
5923
5202
1952
6097
7441
4864
9453
8356
9181
1660
1468
8273
8505
5831
6780
464
6377
1319
2279
9638
1240
5016
6971
8332
8831
4869
9187
6733
232
1055
6845
137
1394
2349
3692
336
199
5551
3714
4948
3203
3243
8743
61
7337
5981
8523
6893
7917
6538
522
6153
7532
7551
1081
2122
3808
2406
606
5577
2728
8090
9505
5631
6033
1736
8095
7413
9992
9145
5858
6
2648
5880
6111
9197
8485
8701
5859
9898
3107
328
2941
2026
4593
6438
7017
4871
4124
9675
3011
8094
6125
2453
2679
3819
5505
7983
3162
476
9811
3640
1181
7474
5078
6895
9575
8809
7830
564
5335
8299
358
6692
2548
1471
1791
3272
4262
9422
2688
2323
3902
9097
8665
3622
6023
3965
6721
5826
1718
4240
2032
2372
9193
732
4228
7331
5405
4467
3164
5185
2108
4229
1912
1362
2767
8192
7748
8620
2560
3650
15
9737
1040
8955
5403
3204
9313
8343
5245
1672
215
9471
5260
1245
8495
4443
8664
9916
1255
5328
5034
1950
8697
9289
4855
1168
2047
5868
8120
5379
6089
657
4477
3
8906
3713
1621
5972
3774
2044
8730
6850
5286
3879
8553
2468
6031
6426
3135
9982
889
849
1748
2235
2444
9963
6400
1742
2808
6042
1213
5394
287
6996
6910
3915
481
9156
2828
7705
7877
7650
8613
7463
178
8071
2145
4548
4793
5420
6774
9711
6838
2906
248
4184
5196
7777
7761
5625
3415
850
7789
8905
9086
9712
4395
8242
743
151
2871
8834
9316
7762
4163
2607
6516
5437
3365
3662
5180
9596
4212
3623
3898
9281
4966
8546
1712
500
9208
5254
3114
8999
6759
4722
6494
2553
8684
264
4550
685
3576
2748
8696
121
2389
7309
5373
1470
161
4861
2189
1720
9929
56
4341
1112
3609
80
9035
8596
750
9493
866
1207
5229
8446
5668
9558
1281
169
1046
3725
1438
3875
5802
3700
1759
4723
4643
9859
5773
8378
7567
7003
3542
7539
8801
8590
9722
6892
7427
5352
9704
3237
4331
8430
5932
6975
2093
2986
2796
1710
8087
181
118
7204
4378
6175
6875
6370
3715
8170
7620
855
7932
7477
763
504
1631
4031
5128
9851
1116
8789
165
7289
5384
6656
7881
4221
9715
6745
7581
6187
6900
6119
3214
9798
7471
8692
8296
4872
5596
3020
2664
3299
6480
6178
6675
7229
7408
1579
4043
8456
5382
6622
1683
6683
2486
7379
3066
5083
5635
7398
5785
2347
6316
3210
6938
8693
77
6913
6403
4068
3184
5487
1045
5708
7927
7919
5324
3317
4929
1511
5315
1417
4234
5921
4964
1479
6612
3069
6601
586
7044
7909
2532
8246
1228
7237
761
901
4384
7209
8362
603
422
2646
5797
6224
5012
1164
7579
1682
2766
5415
9333
1647
7
3166
7740
4281
3734
7255
6739
749
5820
9400
4127
1574
5678
1041
8960
9209
6195
9809
4879
1793
36
8263
1536
682
4541
1523
8471
5558
3213
5100
5740
5994
92
8829
8956
8667
189
3946
883
2090
9274
5490
9847
9864
6450
540
3332
2297
7504
475
9108
3033
6036
8482
8615
966
7873
7898
7280
184
8799
8011
519
1568
4908
8888
3617
1294
2582
9942
3928
8233
1237
8846
6577
5332
3980
8965
1514
4035
7454
5743
4376
7702
4115
5588
1150
9321
5915
2497
3477
8108
86
5232
8135
8282
8814
9813
7998
1826
9039
5480
5626
1681
8890
3977
782
6300
5774
8875
3050
1459
6889
5942
3232
5222
8739
7162
721
2948
333
75
2458
9211
8389
8656
1656
7421
4359
1008
7151
1941
2438
7116
7436
2369
8268
641
5280
2383
6354
1066
6388
3549
5071
2609
5642
3042
8854
5989
2904
4419
7948
6343
3323
6299
9989
6688
9062
2786
3035
675
8551
7019
1870
6986
6905
6524
8904
8347
8813
1839
156
3432
919
5964
8671
8248
9729
5817
4433
126
7689
9310
5860
5106
9760
8402
457
5649
9753
2502
4489
2756
9501
5508
3792
4424
3896
9939
2496
1534
709
2266
1795
2317
6156
6631
1821
6407
5070
2012
5914
2054
991
9694
9305
5765
5476
1971
5390
9454
25
6526
3511
8509
5058
4763
9378
1226
8435
2988
1016
2685
4553
7365
4525
9272
6826
5314
3779
745
9098
7643
8594
6012
9255
6094
3399
1131
3960
3347
9366
7072
55
6653
8178
7915
5845
5816
2191
3049
9787
6389
6998
8754
2376
8724
4633
4569
9212
1686
2432
4088
3226
6250
3642
8817
2556
9277
13
6813
6999
5926
479
3489
5093
257
4756
887
986
1274
2718
2386
5212
6327
6586
5409
4609
5116
4754
8776
3117
8688
6806
6051
1248
9646
2946
8876
9175
9323
1884
454
2550
713
1047
1057
2733
5784
844
8182
3183
4223
4979
2699
5066
136
4048
8382
3119
6215
8271
154
6597
6162
7963
2907
3910
467
9089
3387
7168
7394
7894
9335
914
3948
111
1550
6454
7433
8646
3872
6264
9100
9670
6828
4472
1288
5026
6470
8683
654
138
7443
5608
5807
3519
9991
1875
4455
4901
8631
2654
4451
1018
7440
788
1269
6955
5425
308
5537
7648
5422
3159
8458
5334
1022
7838
8945
5575
5739
1566
2982
8313
6946
2072
6067
7480
2440
5440
6302
1746
525
3257
4398
5188
4565
84
7846
1270
6199
1076
6225
7670
4977
4581
9613
1915
2837
4757
352
3942
3496
9510
3590
9516
4010
565
3212
5460
5374
4437
5497
5829
6279
8030
7191
6707
1075
3215
9214
7646
6084
4061
5005
6433
3282
8950
4078
815
8227
7710
6261
9923
6784
8483
7275
305
8539
9953
5604
5893
9598
3374
3385
3599
1864
8399
9088
1467
1987
615
7896
4552
9171
5175
3607
8538
5691
9020
5805
618
569
9451
9152
466
2554
8492
583
4816
6087
3150
6188
8951
9373
1696
5400
9834
1558
2175
1256
5423
2329
9685
4408
104
8085
8217
8835
9096
5166
6342
6025
1296
727
8729
7490
4812
1646
2401
4762
1278
718
6135
5528
1109
7084
4173
5950
4226
2315
418
1242
8534
4014
2544
913
2367
5757
6201
6636
298
4114
1346
3824
2775
7363
9261
6417
4402
5897
3567
2482
4143
5665
2457
6882
593
7802
4490
7334
1019
3300
9758
7400
7272
7202
2173
1919
1224
7708
9358
3001
7393
3601
6047
9423
5206
4797
559
8912
8187
3737
9304
8335
2398
6930
874
2913
4405
7637
5782
8704
1043
9719
2879
7212
7931
5067
9174
8832
9311
6830
1724
4665
2620
4927
1291
843
1828
714
3760
819
4294
2374
2693
6907
5539
7888
6574
6482
7629
7801
8732
3340
4559
8991
6925
9169
5445
5778
9342
3464
381
4093
8751
7391
5589
6434
1034
6443
4874
2206
7089
5977
5836
4055
2074
4703
766
9901
5278
5258
9755
9912
579
8423
8022
279
775
898
1453
2140
2081
468
4312
7639
7282
5515
4144
9455
4893
1661
3587
9683
414
7112
8123
8304
273
8830
5944
9204
6859
1815
8808
9205
8043
3816
3428
6170
3192
9652
1613
755
3884
6731
4021
6108
5331
9657
6104
8354
532
6140
5489
8450
1600
3911
1486
6575
4202
3423
7669
4100
6462
7378
6540
2103
9456
2042
5663
5361
905
8506
8872
5945
3726
2397
6756
3637
7132
5990
9839
6346
9880
3688
6369
4213
1332
5169
4970
5506
4685
6903
635
8669
5274
5061
9814
5965
6535
3631
5438
198
58
1091
372
6368
2254
6760
2834
2750
442
3294
431
1143
4497
8404
7907
7437
478
1694
1838
2792
7266
5209
5800
6846
9955
9073
1434
2249
1652
2915
634
7499
3032
8277
7692
3892
3997
7527
7871
9254
1447
6194
2670
6088
3290
8570
916
9544
4735
8793
4530
3831
3789
5496
954
9006
2998
1769
4616
4940
1420
4554
9726
461
1764
5416
9827
5658
742
1773
3083
5256
2995
9987
3476
7220
6993
4149
7109
5482
7301
7213
6697
8537
4928
8160
3099
3278
3342
173
6371
3962
9185
4385
626
3693
3814
542
7505
6927
6894
2519
9858
627
1780
8425
949
7051
7241
4592
1986
4313
1092
5974
6148
7470
1760
1186
1894
2920
4166
6336
1282
1082
5046
7975
1469
3229
3557
3711
144
201
9577
8977
8012
9111
734
7771
4420
8777
9444
7062
45
1367
3487
9576
9058
9850
6301
1260
691
2928
7050
8694
7415
4498
6514
3060
3881
1837
5017
9910
7872
8311
8461
9777
5073
2132
568
6864
3030
6034
3359
3224
6287
9350
8716
3970
6069
4961
5234
7859
1707
4079
7657
2293
3952
7751
3949
878
6884
6646
5756
9450
2678
8659
5233
100
7776
9582
2184
3905
3901
4252
2405
4930
1988
8884
3508
8689
263
8512
1203
3575
8105
6812
7950
7875
6046
4239
9148
1369
8386
736
6340
1145
4323
32
719
1747
9655
5257
6064
1126
2932
3039
5148
2873
9538
907
8163
1883
9340
7928
3501
4939
4343
2520
4983
5700
2768
5867
3076
8221
3197
7293
3610
1115
6748
2794
5670
4180
6898
6616
1860
8621
2
1982
1085
9046
2935
4680
3582
5991
2371
9891
8411
1640
4105
4549
597
3967
3921
1602
4555
7348
8357
2410
6363
2089
1935
6168
5333
251
7664
8866
7497
5839
3559
8393
8231
5545
6219
2257
1111
2073
9979
5421
7081
5985
2888
3056
8036
2310
6735
6037
9109
7809
2050
740
9627
2637
6736
4514
9161
7733
1461
7891
8915
4696
1136
4837
6312
7047
1879
1763
5667
6323
4619
8752
9717
8592
5355
3051
3420
146
5919
6487
6075
5648
6445
5975
563
340
6065
7155
6492
7606
2460
2860
6244
6423
1762
4997
8617
3802
7219
7560
1789
8239
1573
7649
1372
4106
789
9164
8023
4862
7472
9743
7996
9633
238
9499
1927
6390
123
1983
2979
2668
2696
4340
3444
1355
7967
2308
9298
5086
8802
9671
378
2802
2606
2543
5124
217
3649
9531
5722
8821
7991
4207
9609
5904
3285
6623
2277
477
1392
7319
3322
5255
1079
2325
7082
9415
6618
2358
9734
2639
5719
1567
9833
8143
6176
5096
3375
8384
8497
6836
3043
5524
6158
6095
1345
960
9603
5938
7534
410
7918
4193
280
2731
8045
9520
291
3078
3867
8009
9751
6517
9
9414
1655
1254
3443
9409
9541
221
1487
79
7691
1299
2435
7251
8893
4776
5823
8216
1902
8774
6272
7594
8189
6146
3006
4380
2889
2461
7106
6973
2831
7187
5301
130
9805
5809
6657
9557
8181
4844
250
6728
5194
4688
8650
6600
7673
7892
5072
9572
8116
3178
9399
7358
6874
3529
6504
5009
2574
2872
8056
8222
2752
3440
158
8942
6359
7943
1038
7419
6292
2320
1676
1176
8459
5098
6013
8630
8342
8982
9528
8427
4261
8230
2635
2727
6762
4403
7250
1589
8780
5834
7591
1465
2622
4932
495
78
2330
7717
2264
1785
6532
6428
3395
9883
4890
3981
9802
420
5548
369
205
6690
3538
8104
9470
6764
2094
8058
2990
3546
4512
2938
6876
5685
3733
2721
9546
7688
9390
1740
5359
8100
5065
1476
4032
9509
1701
6499
1871
8961
8107
6401
8910
2586
7713
4835
9887
4336
2147
9329
6961
8229
9474
9286
652
5119
2260
8018
8660
8745
4310
9138
1014
4897
7298
9540
2804
6319
1232
8619
1428
5653
2590
5873
881
9355
3019
8121
9116
1572
490
302
5720
5688
1327
4126
4190
9676
8530
4199
3938
2810
5139
7538
6701
7341
1996
3075
7897
2656
3603
1737
322
8643
7189
4608
7582
4710
9481
6169
3266
4083
9150
4994
5692
5602
7314
2847
934
7227
4567
6743
3709
4335
6711
2092
3115
5126
7270
5432
1073
296
4801
9265
9469
5875
9978
342
1798
2290
7001
3805
375
720
1750
9672
9173
9962
8718
3530
7979
589
2723
4427
21
7261
6548
5173
9362
6311
9591
4955
2375
6769
846
1000
2695
4074
8862
1638
3985
5122
9866
3685
3887
4646
8629
5322
5662
2338
5680
7895
7989
8708
1194
3087
1933
9206
6243
5550
5174
2563
3878
6555
1236
6008
821
1331
3919
1094
7346
4319
1286
2345
3877
2129
8970
7760
3249
9831
2742
6313
6647
4129
7738
7083
5000
3067
6949
9139
6902
5146
6283
488
1910
8413
4883
1246
621
1529
2448
9612
260
2346
2857
4691
1772
8154
2870
4944
8784
1389
5795
7424
973
4268
275
1277
3569
2537
6969
276
5986
5114
8396
1571
4734
115
4154
4065
9047
1510
182
9832
1642
3850
3154
5077
2498
4981
163
3009
3763
8711
3209
1546
8700
7790
9184
4637
3231
1979
5628
8728
8451
5120
134
2429
452
8419
8816
8337
3797
1219
3097
6624
9104
9418
5353
8586
5336
8109
9752
8563
6019
3618
5966
3583
7977
7217
1708
1308
6725
5711
5041
746
1974
6160
4557
1593
6705
6858
6456
9874
2719
7797
8940
6979
9669
2134
9432
9966
8093
1859
4374
3473
7568
1002
6003
823
2024
9495
9581
2677
5684
2779
6795
9472
2789
8610
4148
9416
9128
5485
9011
2056
4679
2270
1103
2057
5348
4098
754
5371
3852
4543
918
97
9986
4603
439
4208
1272
4931
777
5879
4480
860
1961
3211
787
8632
4733
4796
9736
4054
3208
1499
1556
2801
5819
8913
1654
3090
6412
3972
212
3173
5186
2118
8161
7922
7820
4327
6324
3817
526
6980
7807
9349
1179
132
2326
335
1412
5679
7893
249
1601
7693
502
8779
3691
7473
5529
5179
1133
2776
8426
2927
9893
9031
1906
5347
8442
3258
664
8253
4851
9120
94
8582
6166
8642
7417
3369
2421
9327
4877
1371
9005
2798
7396
6029
5495
6421
3678
584
1024
5182
6757
5654
7667
7253
5671
7767
4594
975
5599
5170
5862
9159
7770
3036
3798
4892
9512
7475
5644
9771
6386
1856
5930
2619
2197
2462
625
8803
545
9201
6254
3920
5210
7126
5075
176
3958
6749
9143
9357
7791
4349
8572
2241
8164
3253
8057
9688
1880
3724
3800
8344
7981
1351
1774
9004
7170
6071
9628
1110
3327
9829
1183
5590
9230
5450
1451
7469
2352
5552
7884
8353
30
3177
4062
8542
4140
3976
7259
7460
1062
7271
3287
5682
7837
9804
1608
835
300
4975
8818
9165
7699
7514
8502
23
6440
4971
2443
6355
8725
6030
9695
7489
1653
4947
180
3459
1124
9645
2957
6550
6746
7029
7545
543
9438
6420
5693
4293
2500
1588
8269
1862
9733
7544
814
5706
680
9402
487
268
6116
3987
3000
98
5885
9943
8339
8341
8661
8470
2052
1156
2225
7292
6239
3239
6802
1934
5594
4834
8939
4287
4538
5924
5812
5724
9038
5646
3044
4200
4848
6883
4486
107
1484
8390
9315
82
5249
6940
2412
4029
6564
3064
4689
3534
8146
1215
3485
8207
5874
3732
4097
517
4558
1620
6011
6362
5846
3577
7466
2353
2787
5850
9563
5912
5776
7910
8954
2193
5283
7159
6437
194
1113
645
728
3055
628
5366
1721
7134
6796
1659
8706
5021
1583
9692
812
2782
9203
6805
2613
8070
3260
3866
5734
2307
8869
7546
4389
670
6121
890
1776
7260
7492
2805
2830
5530
4266
969
8466
96
8937
5102
2395
8407
4316
8258
6189
1320
6727
8934
3506
3608
6525
703
6490
1650
5796
3765
2204
6149
868
1265
4736
729
5391
7627
1706
7923
2621
1751
485
2148
6912
2335
6621
1384
9662
9250
9919
3780
8545
778
65
8997
7368
4108
3494
3527
613
7513
4653
8004
5387
4882
5597
8463
1275
4401
3403
8657
2403
5192
9841
9689
3247
1196
9553
3525
6853
1551
8679
6325
1280
2387
9842
2311
9273
798
771
4777
2856
7631
4650
8571
3480
9271
1340
4052
7714
9913
2230
1928
5215
6395
7848
6983
9301
9693
880
432
1167
7954
6039
5428
9406
9622
9034
9766
7181
516
4435
770
2034
5768
3363
1494
888
4953
6057
1891
5992
3058
1502
471
6285
7823
4246
8558
8836
2848
6265
7364
3932
7679
1023
9984
2922
9621
2288
5888
5030
211
5404
8581
5471
3274
9124
5979
7773
9608
315
1056
8972
2210
5715
4112
915
2242
359
83
6478
9068
1102
5427
3452
9302
7455
5426
5813
624
9158
5142
1454
299
2275
8486
2862
3963
1342
293
9930
3588
7382
8448
3186
8244
2216
409
4818
4117
4092
2703
974
8069
5900
4012
1448
6722
8895
8171
1949
795
7257
8824
9534
8554
9341
1738
5163
4391
8735
9447
7013
114
6825
330
4686
3351
7795
2708
6819
1404
7252
946
5461
9308
6489
5564
5494
2059
5630
2063
2491
281
2400
7500
4135
2951
8839
5242
4791
9618
2031
7593
3502
105
8140
1886
5325
4921
7625
5664
6533
970
2583
6643
4224
8958
1730
4150
2983
513
1905
9960
1726
3319
9659
8410
2390
9051
2276
3611
5593
2045
9537
6568
155
592
820
1813
7100
8515
1848
8920
8962
7800
764
9748
4866
996
3818
5936
2914
8054
4709
1834
6583
6338
8266
984
106
3667
1483
667
4220
6951
2172
4397
5954
909
3364
208
7863
99
8345
1170
4949
5995
9170
4203
8477
3279
6856
6689
7516
8172
6811
5833
6926
7854
8608
2615
7105
5553
1477
4377
9639
5980
4263
6045
3973
7903
3275
2192
6101
3218
9769
2866
9934
8841
6322
7432
5177
7303
1594
2247
9716
8369
8859
6043
8935
4917
3345
314
9947
6872
5316
7845
9830
7487
5510
7036
2541
6941
5043
3023
9574
5444
9330
1576
1963
4214
1591
3053
4067
4670
8205
9167
8177
1178
9468
3156
8943
1403
8898
4091
2259
5154
4584
7529
5151
4058
8272
828
2778
4850
5976
1350
5638
8983
4119
1197
2616
7014
9945
2364
8096
722
9624
1010
2321
9178
3509
5561
9135
822
1948
4807
6857
6917
6267
7347
8488
6661
8871
6457
4070
4314
1800
518
9861
6605
4774
535
530
9044
9126
8142
7774
3228
772
6801
6788
42
1881
3591
4283
7827
8191
5887
1957
2327
1867
7821
7758
2102
5207
3348
1335
3835
9339
8653
3289
7125
6877
6841
716
6164
5759
385
955
5504
1590
5770
8949
5712
7596
47
8276
5246
4561
8249
6056
2526
747
7940
9826
8598
7654
1211
3926
2186
7831
6530
1806
1430
2062
9353
1488
8183
3923
9125
4442
8148
6817
9183
3430
5368
2955
2642
5351
4245
9647
4158
8175
5136
8241
733
5943
9213
2662
6570
4669
1036
2155
3858
2214
3504
2540
3467
4956
3482
7766
1017
8676
9681
6466
8484
491
669
3123
4706
9497
1230
6109
9698
2884
6781
3418
3757
8169
3434
9824
5378
2963
9686
9950
1733
649
8284
3391
7547
6678
1584
3179
3842
449
9996
6458
4320
254
2652
4622
1337
2282
8927
8300
6994
5393
7685
673
5412
5525
4015
7233
3024
2912
7925
1992
4601
6682
4943
8845
7104
3027
8577
8101
6288
2314
210
6521
303
7744
2294
582
5158
6337
6510
3089
9651
9347
1316
3975
9217
1991
8840
5044
2846
1518
3727
6235
8247
3379
6995
7656
4995
4365
2040
7223
9439
4533
7412
9592
1251
9279
5383
8812
239
3756
6138
3556
1460
759
6317
2943
8994
4647
672
6914
3947
6670
894
9793
1705
591
9856
382
8243
6253
6469
601
505
2261
8896
3656
5996
9262
1382
4766
8226
1622
7304
9527
8348
698
9361
7311
9747
8373
9993
8536
575
3325
2781
3736
4360
3996
8782
2816
3401
8441
5288
8625
4631
1333
4789
7390
4752
9482
9935
2488
4539
7478
6698
1321
7615
930
3491
5855
8767
326
7659
396
7564
4464
9337
5988
9706
1105
7055
4004
191
9840
2463
7680
806
5216
997
8072
2761
5586
2023
8
3313
6180
9951
3417
2110
493
892
7078
515
1086
153
5697
4400
8719
6236
4216
5275
9194
2732
2295
9485
8308
8682
9002
5984
1007
6350
4118
847
809
7526
332
1632
6349
5609
4495
8902
8027
1456
4613
2709
9459
2036
3592
8769
668
2445
6527
5728
7805
4205
9632
3453
3070
1093
5523
2601
6966
7735
1222
3331
7652
9770
6908
8778
391
9009
4926
7332
7009
7554
5064
3079
9587
1811
3739
8346
7739
4800
3110
190
5565
9902
4630
9095
7787
2450
8765
1962
9140
7675
506
3961
2934
350
327
3077
8925
2055
3242
5857
5695
1690
1009
6247
1054
4659
7040
7359
6392
3807
5225
4157
392
3245
1267
6032
961
3061
2167
983
4739
9998
8986
8647
5612
1889
4865
8575
1263
3252
3165
1061
3759
1648
3516
60
8508
3552
5486
4751
7449
1599
5929
244
2377
6460
3740
609
7756
8967
3784
1997
1148
7743
4918
9806
9041
8879
799
9567
4387
7418
8738
6134
2228
1904
7814
3793
4307
5578
1383
3261
388
3861
1088
1629
731
9678
2905
3983
214
2945
3986
3350
702
3701
9555
7968
5917
2041
3514
2312
9867
3660
5744
2322
1138
6409
7982
1325
207
8674
1618
1464
1921
9579
9010
5014
415
2048
5354
6708
8254
8892
5053
7148
8330
63
2899
5705
1578
6814
2691
1354
6174
2780
6620
3404
6117
7874
1857
1752
4260
6614
614
7722
2551
7976
6052
8852
5337
6139
4361
2898
8605
4459
8727
6402
7395
6126
1975
7312
3368
4768
235
6763
8773
4458
1539
6590
9767
1048
8361
3849
8130
8136
1598
8128
829
1357
6193
1243
5268
9849
8046
5168
4339
2966
9761
932
4678
999
2316
1522
3378
2827
3541
4907
